0 0.700703 0.583690 0.004468 0.017255
0 0.579963 0.952780 0.008950 0.038809
0 0.657030 0.622970 0.005552 0.023164
0 0.588709 0.950446 0.008776 0.036382
0 0.783596 0.548293 0.003774 0.020444
0 0.587302 0.958064 0.006235 0.019831
0 0.130429 0.926504 0.012642 0.023021
0 0.062317 0.948397 0.016409 0.023267
0 0.806646 0.964004 0.006092 0.034076
0 0.712747 0.673179 0.010511 0.018641
0 0.299487 0.865869 0.010834 0.022118
0 0.793649 0.616280 0.006743 0.023056
0 0.571376 0.621191 0.004032 0.010691
0 0.283372 0.865516 0.006085 0.017718
0 0.297182 0.861380 0.006644 0.013323
0 0.835225 0.568155 0.004081 0.015105
1 0.212094 0.310711 0.046922 0.103596
1 0.043047 0.463658 0.022548 0.021324
1 0.505832 0.423470 0.061746 0.035661
1 0.527577 0.338245 0.065097 0.193791
1 0.547769 0.421929 0.024150 0.025129