0 0.593416 0.944552 0.010208 0.038226
0 0.425098 0.731530 0.006966 0.030960
0 0.419748 0.732641 0.005383 0.028967
0 0.690265 0.922574 0.010406 0.034983
0 0.428676 0.816632 0.007630 0.036822
0 0.415758 0.829507 0.008028 0.028157
0 0.859281 0.539964 0.004907 0.022022
0 0.451071 0.793638 0.005813 0.030998
0 0.007804 0.944169 0.015163 0.027870
0 0.833908 0.568594 0.005245 0.013266
0 0.406591 0.843929 0.008566 0.034563
0 0.391659 0.836522 0.008013 0.037027
0 0.645964 0.707281 0.007260 0.018324
0 0.804516 0.587727 0.005592 0.009343
0 0.179793 0.982643 0.009949 0.034714
0 0.185079 0.913424 0.010642 0.022432
0 0.309710 0.801121 0.009684 0.015870
0 0.303378 0.804564 0.007082 0.017026
0 0.299955 0.802499 0.006815 0.013677
0 0.805100 0.593968 0.005949 0.017447
0 0.399306 0.838456 0.009418 0.035654
1 0.214633 0.312488 0.047648 0.107299
1 0.352444 0.299521 0.037217 0.014507