0 0.273965 0.729823 0.005649 0.016763
0 0.130131 0.933213 0.015323 0.024752
0 0.835765 0.783731 0.006335 0.037184
0 0.868723 0.672210 0.006515 0.030684
0 0.474832 0.776324 0.006251 0.022788
0 0.901776 0.657006 0.005795 0.022369
0 0.680864 0.928275 0.007330 0.018096
0 0.208100 0.984942 0.015708 0.028728
0 0.297986 0.773006 0.005858 0.031927
0 0.592140 0.743773 0.009969 0.020229
0 0.674558 0.771415 0.006334 0.020260
0 0.845128 0.786776 0.005845 0.024666
0 0.583993 0.742501 0.004759 0.015040
1 0.206678 0.309039 0.044971 0.103114
1 0.315024 0.977607 0.039099 0.043490
1 0.583046 0.738567 0.038087 0.048635
1 0.119126 0.940306 0.037467 0.022471