0 0.144460 0.882791 0.016708 0.022385
0 0.200949 0.976529 0.012938 0.046077
0 0.420138 0.809098 0.010689 0.019073
0 0.365100 0.846719 0.007608 0.017922
0 0.405119 0.814528 0.010765 0.018103
0 0.619562 0.601460 0.005172 0.011006
0 0.604055 0.817348 0.005869 0.022706
0 0.666708 0.909028 0.006326 0.017941
0 0.509199 0.855147 0.006384 0.016721
0 0.495454 0.659958 0.005059 0.007607
0 0.673528 0.915156 0.005986 0.014178
0 0.521368 0.844085 0.004549 0.017845
0 0.525614 0.557346 0.058981 0.070008
0 0.118046 0.936261 0.034164 0.025614
0 0.817355 0.576521 0.008227 0.015533
0 0.595543 0.812228 0.002965 0.025596
0 0.585901 0.903964 0.006302 0.033357
1 0.209098 0.311913 0.049981 0.106501
1 0.209133 0.353478 0.050300 0.022816
1 0.291554 0.978429 0.086205 0.042827
1 0.206660 0.411201 0.015179 0.008944