0 0.439496 0.764370 0.008089 0.030697
0 0.179765 0.841298 0.007704 0.026418
0 0.459400 0.884158 0.010598 0.042110
0 0.106062 0.753776 0.003056 0.009471
0 0.415881 0.796781 0.007325 0.028015
0 0.098352 0.760493 0.004208 0.011939
0 0.448989 0.888248 0.008899 0.032632
0 0.284342 0.870499 0.010272 0.020988
0 0.816328 0.825273 0.008583 0.014579
0 0.659313 0.609126 0.005122 0.023458
0 0.113514 0.924517 0.009037 0.030399
0 0.118072 0.933387 0.035484 0.034439
0 0.840083 0.820688 0.008630 0.016178
0 0.816582 0.960517 0.008121 0.024299
0 0.774136 0.793499 0.005754 0.027646
0 0.188124 0.915457 0.012273 0.018997
0 0.806698 0.964621 0.006648 0.032650
0 0.297411 0.862982 0.009563 0.021063
0 0.469692 0.670040 0.004895 0.008609
0 0.007326 0.949375 0.014612 0.016537
1 0.215996 0.311921 0.047849 0.108807
1 0.331600 0.281639 0.022048 0.015950
1 0.331699 0.261714 0.022098 0.055678
1 0.207656 0.408440 0.015354 0.006336