0 0.684485 0.603167 0.005067 0.026646
0 0.688474 0.602500 0.004133 0.024231
0 0.830878 0.805713 0.007064 0.032770
0 0.457350 0.789395 0.007984 0.036535
0 0.018605 0.928627 0.014152 0.021233
0 0.448387 0.797071 0.006675 0.024423
0 0.662684 0.923193 0.008815 0.021778
0 0.454685 0.789531 0.005319 0.027247
0 0.450310 0.792225 0.005665 0.030773
0 0.366759 0.825928 0.009095 0.020497
0 0.675845 0.916605 0.007277 0.019952
0 0.731220 0.589532 0.003224 0.005668
0 0.730911 0.593000 0.004607 0.012332
1 0.211402 0.308552 0.046949 0.102436
1 0.290100 0.977952 0.088896 0.044096