0 0.257521 0.777811 0.005111 0.028110
0 0.351271 0.796016 0.008072 0.032527
0 0.333590 0.789015 0.005228 0.033132
0 0.668002 0.614277 0.005546 0.025216
0 0.369058 0.787315 0.006588 0.031583
0 0.605021 0.836115 0.007520 0.039015
0 0.330090 0.856498 0.006599 0.032713
0 0.596961 0.839510 0.006675 0.035982
0 0.376762 0.786578 0.004729 0.025709
0 0.613023 0.806162 0.006320 0.024742
0 0.817198 0.971800 0.004491 0.018631
0 0.697083 0.924496 0.005390 0.011766
0 0.601622 0.839817 0.005148 0.034782
1 0.096556 0.332390 0.045400 0.114849
1 0.561047 0.331375 0.050812 0.182192
1 0.292752 0.977561 0.083513 0.043685
1 0.328014 0.974163 0.119695 0.051003