0 0.557684 0.671471 0.006080 0.026928
0 0.527637 0.699662 0.006627 0.028499
0 0.018243 0.965988 0.010255 0.020135
0 0.172962 0.978460 0.013721 0.039741
0 0.891551 0.665075 0.005592 0.021001
0 0.290705 0.722999 0.006078 0.010710
0 0.122554 0.993103 0.007725 0.013161
0 0.898807 0.663583 0.005700 0.019496
0 0.854894 0.685716 0.006377 0.019765
0 0.609699 0.743236 0.010835 0.021915
0 0.301705 0.718137 0.004002 0.009789
0 0.007098 0.972578 0.006065 0.011663
0 0.417369 0.686049 0.003085 0.012511
1 0.212770 0.307834 0.047736 0.102987
1 0.314665 0.977892 0.039670 0.044216
1 0.291803 0.977607 0.085434 0.043652
1 0.204214 0.405556 0.014681 0.007432