0 0.358127 0.758280 0.008528 0.031910
0 0.365990 0.759182 0.005983 0.031230
0 0.804591 0.544854 0.003698 0.019209
0 0.800760 0.589376 0.004602 0.005975
0 0.686448 0.929987 0.010847 0.015809
0 0.913770 0.648598 0.005172 0.025908
0 0.757939 0.541612 0.004320 0.008888
0 0.718721 0.538751 0.004361 0.007608
0 0.805804 0.813716 0.004006 0.017915
0 0.718346 0.755909 0.007309 0.025786
0 0.829135 0.586685 0.007584 0.011471
0 0.754495 0.791017 0.008247 0.033758
1 0.212851 0.310067 0.047145 0.105378
1 0.257630 0.967470 0.153642 0.056321
1 0.411805 0.812566 0.022922 0.022521
1 0.290979 0.978986 0.087185 0.042028