0 0.243939 0.834816 0.009737 0.037059
0 0.472588 0.904116 0.009174 0.041871
0 0.542752 0.664079 0.005261 0.022982
0 0.720683 0.583888 0.003524 0.016882
0 0.733017 0.582722 0.004182 0.019272
0 0.982961 0.991531 0.010461 0.016521
0 0.055726 0.768271 0.004518 0.010312
0 0.015797 0.950802 0.013683 0.024892
0 0.328353 0.714401 0.005275 0.010822
0 0.819170 0.555128 0.003279 0.009232
0 0.984684 0.487299 0.007526 0.026251
0 0.824655 0.555562 0.004783 0.010683
0 0.996464 0.488994 0.005098 0.031384
0 0.823462 0.585461 0.007155 0.013841
0 0.840930 0.560046 0.004071 0.008833
1 0.203387 0.314554 0.052874 0.108555
1 0.202673 0.411240 0.015457 0.009755