0 0.305556 0.958490 0.012354 0.020683
0 0.674923 0.615466 0.005867 0.025311
0 0.318306 0.942639 0.008366 0.040703
0 0.459200 0.896873 0.008488 0.038668
0 0.661780 0.607962 0.004222 0.024718
0 0.354838 0.867357 0.009438 0.019332
0 0.239520 0.967779 0.010626 0.043719
0 0.679167 0.931124 0.009246 0.023702
0 0.129546 0.930969 0.014848 0.030141
0 0.694425 0.924176 0.010531 0.021667
0 0.652839 0.613769 0.006721 0.011372
0 0.349020 0.856955 0.004634 0.017753
0 0.828350 0.577952 0.003962 0.019626
0 0.319459 0.955816 0.006425 0.015336
0 0.291947 0.852798 0.005744 0.022027
0 0.337613 0.867231 0.006261 0.009286
0 0.332806 0.877982 0.003599 0.016176
0 0.337769 0.874399 0.010356 0.022675
0 0.825048 0.575580 0.003980 0.022806
0 0.285106 0.854758 0.009845 0.020716
1 0.211574 0.308540 0.045845 0.101798
1 0.283337 0.976786 0.102473 0.046429
1 0.525274 0.755369 0.016898 0.018754
1 0.648898 0.621804 0.012624 0.008202