0 0.279388 0.821151 0.007309 0.034210
0 0.455871 0.887988 0.008421 0.040601
0 0.323272 0.944771 0.006992 0.034524
0 0.238847 0.969549 0.009747 0.042362
0 0.404448 0.896047 0.007364 0.034168
0 0.889579 0.659190 0.005418 0.027532
0 0.532574 0.726219 0.005383 0.022476
0 0.866017 0.673155 0.005472 0.024334
0 0.115303 0.846783 0.009965 0.031144
0 0.877819 0.673058 0.004337 0.016734
0 0.320727 0.948724 0.004571 0.026098
0 0.273053 0.830991 0.010503 0.010857
0 0.269591 0.908138 0.003587 0.015084
0 0.397177 0.890296 0.008232 0.040476
1 0.095471 0.329557 0.047770 0.110505
1 0.171871 0.305802 0.028014 0.091631
1 0.283721 0.965217 0.101703 0.067837