0 0.298738 0.946629 0.010196 0.042811
0 0.713212 0.666547 0.006336 0.030075
0 0.298475 0.957994 0.009771 0.019691
0 0.686385 0.958198 0.007694 0.041446
0 0.374626 0.934767 0.010458 0.039794
0 0.821305 0.754181 0.008340 0.013398
0 0.312187 0.952062 0.010126 0.007827
0 0.688380 0.947024 0.011539 0.063404
0 0.311591 0.939206 0.009670 0.032594
1 0.164584 0.320913 0.044616 0.110601
1 0.334701 0.275389 0.032950 0.071359
1 0.326414 0.274645 0.016394 0.072315
1 0.314519 0.977649 0.040152 0.043277
1 0.589032 0.878723 0.026690 0.045102
1 0.599423 0.749750 0.005920 0.008031