0 0.240477 0.736070 0.006933 0.014877
0 0.230676 0.726139 0.004979 0.012863
0 0.215259 0.739237 0.005195 0.010751
0 0.317013 0.940093 0.015694 0.042651
0 0.022839 0.794112 0.005990 0.018892
0 0.235518 0.970552 0.010537 0.045305
0 0.009100 0.804827 0.006808 0.012634
0 0.242890 0.951653 0.007248 0.035418
0 0.822029 0.556224 0.005148 0.012287
0 0.806922 0.837394 0.007030 0.017269
0 0.128078 0.925199 0.008896 0.021687
0 0.929418 0.643003 0.004349 0.016128
0 0.192970 0.988910 0.007446 0.021595
1 0.199676 0.314078 0.050758 0.109364