0 0.018044 0.918447 0.007619 0.042326
0 0.358160 0.915048 0.007460 0.043974
0 0.709837 0.586874 0.004522 0.010999
0 0.710268 0.592181 0.005719 0.022240
0 0.674420 0.914134 0.013441 0.026522
0 0.662515 0.924736 0.006221 0.019027
0 0.731285 0.589482 0.003521 0.005750
0 0.760619 0.633226 0.006078 0.024409
0 0.200541 0.993791 0.009100 0.012165
0 0.914591 0.519910 0.003775 0.019963
0 0.264711 0.970470 0.010204 0.041127
0 0.341008 0.942849 0.010616 0.034454
0 0.763114 0.732560 0.005614 0.031696
0 0.338078 0.874229 0.007589 0.022507
0 0.197851 0.977902 0.006256 0.022103
1 0.212691 0.309382 0.047873 0.103207
1 0.314792 0.977603 0.039585 0.043399