0 0.449763 0.726617 0.009615 0.031444
0 0.420272 0.848863 0.006242 0.027065
0 0.745896 0.623225 0.004602 0.023582
0 0.788290 0.547217 0.004579 0.020503
0 0.783124 0.548767 0.003783 0.019438
0 0.706504 0.600709 0.005478 0.025874
0 0.724190 0.588239 0.004196 0.008188
0 0.362585 0.850566 0.011959 0.023068
0 0.806097 0.860291 0.004792 0.014519
0 0.531262 0.694026 0.005263 0.023328
0 0.505200 0.886714 0.006426 0.022707
0 0.694036 0.605707 0.005090 0.024667
0 0.148546 0.882402 0.009530 0.021359
0 0.551509 0.758794 0.006254 0.015802
0 0.525202 0.557995 0.059211 0.068628
0 0.105037 0.937193 0.009426 0.021928
0 0.706655 0.589899 0.003863 0.004954
0 0.285902 0.860349 0.008156 0.017568
0 0.816651 0.961811 0.006570 0.021989
0 0.240691 0.961254 0.009238 0.038730
0 0.267425 0.958333 0.006796 0.026731
0 0.759477 0.627242 0.004443 0.026298
0 0.269353 0.959569 0.003135 0.022406
1 0.209830 0.313655 0.049473 0.107753
1 0.204775 0.411589 0.015409 0.009015