0 0.681679 0.944798 0.010393 0.041423
0 0.809749 0.559181 0.005674 0.020429
0 0.410756 0.911315 0.007205 0.031613
0 0.398888 0.835514 0.006633 0.030686
0 0.324211 0.707032 0.005551 0.011389
0 0.397765 0.899866 0.006039 0.030030
0 0.184762 0.913650 0.007843 0.021103
0 0.744896 0.627099 0.004507 0.024069
0 0.040766 0.769201 0.004395 0.014575
0 0.834359 0.568394 0.005018 0.014752
0 0.760986 0.629450 0.005449 0.022460
0 0.338300 0.704309 0.007041 0.009400
0 0.827769 0.524344 0.004356 0.018218
0 0.834816 0.523751 0.003535 0.016654
1 0.213617 0.309619 0.047090 0.104242
1 0.297859 0.295826 0.024410 0.017002
1 0.297690 0.280029 0.024901 0.049070