0 0.535720 0.749786 0.008252 0.028544
0 0.448503 0.888499 0.007380 0.036986
0 0.587744 0.676529 0.007954 0.027513
0 0.580383 0.824608 0.005179 0.027767
0 0.296858 0.720456 0.004770 0.010281
0 0.263869 0.727635 0.004165 0.008464
0 0.431417 0.868774 0.007167 0.033315
0 0.322585 0.654958 0.003321 0.007509
0 0.427448 0.940178 0.006995 0.019855
0 0.782249 0.641016 0.005749 0.024748
0 0.498481 0.788353 0.007079 0.016683
0 0.175636 0.913980 0.008142 0.018683
0 0.647436 0.894198 0.005916 0.025511
0 0.567645 0.632591 0.004717 0.010910
0 0.364707 0.850409 0.005723 0.021460
1 0.202065 0.314477 0.052626 0.107468
1 0.203522 0.410067 0.015373 0.008516
1 0.562604 0.227914 0.006893 0.006759