0 0.513691 0.847036 0.008546 0.029275
0 0.011852 0.851567 0.010090 0.028832
0 0.611974 0.809697 0.007054 0.023789
0 0.627648 0.634818 0.006184 0.022398
0 0.036722 0.536083 0.061747 0.112446
0 0.293096 0.860841 0.005263 0.014186
0 0.699319 0.797811 0.005649 0.021514
0 0.849299 0.886179 0.008686 0.022958
0 0.291325 0.862441 0.008655 0.017283
0 0.806208 0.709382 0.005492 0.025633
0 0.523401 0.556431 0.056705 0.071938
0 0.800358 0.589104 0.008342 0.006573
0 0.505719 0.885318 0.011158 0.023549
1 0.209345 0.310138 0.047244 0.105057
1 0.552478 0.256932 0.019106 0.060668
1 0.262261 0.968432 0.144636 0.058726
1 0.552584 0.281020 0.019067 0.013122