0 0.386857 0.766740 0.009550 0.030950
0 0.657907 0.902765 0.008224 0.038870
0 0.725517 0.587079 0.006359 0.010605
0 0.792688 0.550519 0.003753 0.018840
0 0.250128 0.731535 0.006855 0.015381
0 0.007744 0.899904 0.005758 0.032332
0 0.696942 0.611744 0.004056 0.023312
0 0.666513 0.619138 0.004543 0.025146
0 0.050582 0.880767 0.008845 0.022389
0 0.274838 0.862928 0.009247 0.021321
0 0.188167 0.914832 0.012122 0.018713
0 0.722353 0.749515 0.006792 0.027083
0 0.288769 0.863674 0.012107 0.025833
0 0.858626 0.883418 0.006307 0.014471
0 0.610004 0.610897 0.004640 0.009899
0 0.268555 0.716741 0.005087 0.009256
0 0.364983 0.850097 0.007776 0.021069
0 0.065949 0.949214 0.009850 0.019399
0 0.803127 0.590014 0.005119 0.004760
0 0.326970 0.667703 0.003717 0.009518
0 0.496244 0.787203 0.006891 0.017783
0 0.542713 0.829834 0.007305 0.016511
0 0.016520 0.909775 0.005137 0.020585
0 0.812872 0.710160 0.006281 0.019564
0 0.415939 0.810489 0.016489 0.019123
1 0.205513 0.313345 0.051042 0.108007
1 0.203355 0.411222 0.014909 0.009716
1 0.292378 0.977950 0.084335 0.042874