0 0.182773 0.805216 0.007843 0.033413
0 0.177441 0.808159 0.007030 0.032207
0 0.666157 0.685316 0.005205 0.029632
0 0.616503 0.708040 0.007032 0.029575
0 0.413917 0.729845 0.005006 0.026046
0 0.810344 0.611351 0.005709 0.026330
0 0.417009 0.835692 0.006488 0.031746
0 0.411218 0.834150 0.007261 0.033215
0 0.329912 0.928955 0.009381 0.044849
0 0.018088 0.965636 0.009424 0.019685
0 0.328628 0.922752 0.006509 0.032175
1 0.213357 0.309481 0.048518 0.104826
1 0.341410 0.973850 0.094131 0.051316
1 0.314563 0.977277 0.039905 0.045135
1 0.599579 0.748558 0.005626 0.008237