0 0.320929 0.928269 0.009686 0.042753
0 0.197240 0.828756 0.007905 0.031189
0 0.179551 0.892904 0.008355 0.033880
0 0.604409 0.650326 0.005169 0.025017
0 0.798048 0.534867 0.004076 0.015674
0 0.744721 0.579460 0.005847 0.020549
0 0.803773 0.534785 0.004269 0.018443
0 0.341971 0.921586 0.006281 0.032793
0 0.351901 0.925887 0.009028 0.041413
0 0.749914 0.579619 0.005942 0.019091
0 0.208051 0.897956 0.013157 0.036388
1 0.400967 0.333530 0.041750 0.104585
1 0.212161 0.312696 0.045736 0.106312
1 0.498052 0.336754 0.101872 0.165543
1 0.283247 0.977953 0.102515 0.043757
1 0.680760 0.219806 0.003783 0.007927