0 0.277184 0.815463 0.006877 0.033581
0 0.457525 0.732357 0.005564 0.027184
0 0.425598 0.690035 0.007027 0.010503
0 0.465811 0.738013 0.004009 0.013595
0 0.444398 0.688397 0.004652 0.018902
0 0.250671 0.955931 0.008069 0.036956
0 0.637186 0.702906 0.007777 0.026656
0 0.693242 0.925363 0.009062 0.019014
0 0.750333 0.738114 0.005028 0.023855
0 0.185129 0.914852 0.009241 0.020479
0 0.364090 0.850606 0.012429 0.020578
0 0.159421 0.988545 0.007654 0.021491
0 0.696216 0.762612 0.006328 0.024102
0 0.755679 0.736639 0.005242 0.027712
1 0.210696 0.311499 0.047808 0.105093
1 0.314318 0.977022 0.040487 0.044510
1 0.278125 0.976640 0.112757 0.046720
2 0.447906 0.696671 0.009722 0.010330