0 0.651465 0.646026 0.006043 0.023844
0 0.168438 0.753406 0.004170 0.009809
0 0.291758 0.861740 0.008211 0.017307
0 0.823715 0.777465 0.007565 0.036350
0 0.153248 0.761225 0.004848 0.009642
0 0.676073 0.937503 0.007146 0.028419
0 0.816607 0.773502 0.005485 0.032297
0 0.807112 0.960300 0.006797 0.040928
0 0.854160 0.684798 0.004497 0.021739
0 0.181135 0.911050 0.008923 0.014064
0 0.042136 0.770933 0.004646 0.009645
0 0.828939 0.584875 0.005150 0.015002
0 0.800982 0.589061 0.006111 0.006614
1 0.217519 0.310580 0.048751 0.105134
1 0.207523 0.408411 0.015936 0.007220
1 0.588617 0.872104 0.027556 0.040153