0 0.707676 0.592289 0.004757 0.028963
0 0.707325 0.585148 0.004522 0.014448
0 0.128085 0.934478 0.015574 0.026298
0 0.183707 0.912346 0.007807 0.019440
0 0.605341 0.637132 0.005752 0.031844
0 0.679507 0.612096 0.004484 0.021449
0 0.348042 0.937165 0.010338 0.028064
0 0.111466 0.938942 0.016591 0.019968
0 0.176122 0.914450 0.009292 0.017781
0 0.675840 0.614834 0.004758 0.022018
0 0.340008 0.932524 0.008227 0.036124
0 0.406918 0.808417 0.005129 0.008086
0 0.562230 0.890830 0.006649 0.017140
0 0.786421 0.585697 0.006329 0.013225
0 0.382733 0.691478 0.002828 0.008510
0 0.803626 0.589572 0.005454 0.005627
0 0.285431 0.863792 0.008345 0.022148
1 0.209505 0.312784 0.047972 0.107332
1 0.151604 0.711482 0.007771 0.010311
1 0.115176 0.721270 0.007338 0.009912
1 0.131046 0.717433 0.008136 0.010263
1 0.142855 0.708542 0.007661 0.007914