0 0.887057 0.536857 0.006079 0.020533
0 0.192745 0.901132 0.012042 0.030789
0 0.179282 0.915918 0.010908 0.019800
0 0.418757 0.808583 0.008049 0.018961
0 0.118225 0.933605 0.035085 0.031872
0 0.893664 0.534814 0.005085 0.024039
0 0.804713 0.589353 0.003991 0.006047
0 0.797769 0.588989 0.003318 0.006719
0 0.579779 0.898175 0.006544 0.029493
0 0.406237 0.814664 0.008091 0.018113
0 0.031024 0.959285 0.005234 0.021587
0 0.286590 0.863411 0.007062 0.022463
0 0.802378 0.532038 0.003229 0.014304
0 0.188189 0.915181 0.009890 0.016478
0 0.701171 0.550567 0.004281 0.010672
0 0.636896 0.590288 0.003318 0.009379
0 0.588011 0.900620 0.007704 0.025073
0 0.507040 0.785292 0.006644 0.015302
0 0.129359 0.930516 0.012681 0.026069
1 0.211025 0.311850 0.047102 0.104405
1 0.203687 0.405460 0.014628 0.008004
1 0.291548 0.977973 0.085884 0.044054