0 0.194586 0.820637 0.009075 0.034417
0 0.348086 0.753967 0.007378 0.040201
0 0.441008 0.725595 0.004936 0.029697
0 0.689713 0.609284 0.007101 0.026477
0 0.802891 0.534127 0.004532 0.021060
0 0.794200 0.537355 0.005103 0.021374
0 0.445003 0.728437 0.003995 0.021166
0 0.463778 0.725235 0.006703 0.031713
0 0.458385 0.727033 0.004504 0.026753
0 0.363318 0.850928 0.010997 0.021510
0 0.831298 0.567467 0.008558 0.020971
0 0.814103 0.525972 0.003888 0.017668
0 0.459973 0.725586 0.005117 0.030364
0 0.339661 0.755706 0.005499 0.028479
0 0.808247 0.526315 0.004002 0.017322
0 0.853069 0.683289 0.005976 0.023710
0 0.696900 0.676976 0.006541 0.029286
0 0.443095 0.726057 0.004764 0.029152
0 0.644615 0.708090 0.008740 0.015998
0 0.887182 0.503106 0.004230 0.015488
1 0.211116 0.311387 0.046152 0.105061
1 0.283130 0.977372 0.102968 0.044205