0 0.276674 0.957028 0.009362 0.043165
0 0.329222 0.938290 0.009686 0.036477
0 0.325393 0.928416 0.005493 0.033663
0 0.928134 0.511138 0.003563 0.015710
0 0.936364 0.512278 0.004333 0.018081
0 0.887300 0.624412 0.005471 0.022796
0 0.557479 0.929329 0.006205 0.018430
0 0.925067 0.513659 0.003723 0.019544
0 0.881181 0.507454 0.002685 0.016196
0 0.914868 0.587365 0.006250 0.010002
0 0.578735 0.955996 0.007541 0.028908
0 0.917644 0.510652 0.003824 0.018178
0 0.524861 0.958189 0.007490 0.025587
0 0.886673 0.507376 0.003544 0.015140
0 0.878389 0.507892 0.002997 0.015780
0 0.915073 0.508541 0.003480 0.020563
0 0.888837 0.505909 0.002402 0.017442
0 0.887748 0.506312 0.003931 0.017176
0 0.911952 0.508794 0.003152 0.014396
0 0.528773 0.955355 0.006108 0.028780
1 0.097616 0.329370 0.047209 0.109057
1 0.777329 0.499076 0.089017 0.046704
1 0.783964 0.397110 0.101066 0.249861
1 0.284987 0.977146 0.099016 0.044282
1 0.812430 0.511439 0.018030 0.022300