0 0.568328 0.744986 0.008747 0.035139
0 0.239139 0.730676 0.006904 0.022979
0 0.592036 0.745674 0.005546 0.026326
0 0.600612 0.740875 0.004881 0.021912
0 0.284943 0.855065 0.011408 0.022082
0 0.228393 0.735181 0.006932 0.020052
0 0.680758 0.918087 0.005683 0.014407
0 0.654731 0.897397 0.007067 0.020175
0 0.294115 0.852830 0.008202 0.022803
0 0.566447 0.921300 0.007889 0.030562
0 0.479747 0.865504 0.006974 0.021052
0 0.599501 0.736754 0.005761 0.031598
0 0.826048 0.585052 0.004542 0.012929
0 0.706854 0.922160 0.004616 0.008189
1 0.210994 0.308742 0.042697 0.103102
1 0.202325 0.402667 0.015065 0.007376
1 0.292121 0.977508 0.084843 0.044333