0 0.610645 0.621338 0.006079 0.017692
0 0.672687 0.613949 0.006332 0.022137
0 0.801323 0.799993 0.005993 0.027806
0 0.644226 0.743705 0.008503 0.016308
0 0.330673 0.872662 0.006230 0.024158
0 0.938915 0.507795 0.003685 0.013265
0 0.676186 0.614081 0.004517 0.020264
0 0.336606 0.872911 0.008248 0.023630
0 0.912838 0.495617 0.003601 0.016357
0 0.908855 0.495493 0.003292 0.016065
0 0.988279 0.413499 0.006221 0.021756
0 0.823270 0.815637 0.006438 0.012263
0 0.490271 0.854376 0.008455 0.033997
0 0.296543 0.869878 0.026993 0.025789
1 0.571450 0.301031 0.050656 0.125655
1 0.209967 0.309642 0.047033 0.104577
1 0.588439 0.879392 0.027880 0.049324
1 0.203694 0.406399 0.014824 0.007313
2 0.943243 0.519232 0.024662 0.010424
2 0.922434 0.515640 0.010522 0.005320