0 0.232197 0.785157 0.007948 0.035558
0 0.667107 0.610055 0.004811 0.034167
0 0.674763 0.947870 0.010821 0.033268
0 0.798104 0.588587 0.004189 0.007659
0 0.418756 0.808560 0.007321 0.018466
0 0.947069 0.466246 0.003323 0.016457
0 0.767381 0.730846 0.005289 0.027693
0 0.620688 0.659642 0.005239 0.027012
0 0.893772 0.535040 0.004544 0.023220
0 0.508463 0.785603 0.007050 0.017111
0 0.623504 0.658758 0.004880 0.027749
0 0.502457 0.788566 0.007660 0.016064
0 0.802230 0.588706 0.003985 0.007403
0 0.886888 0.533618 0.003631 0.017137
0 0.128497 0.927464 0.008835 0.019790
0 0.182810 0.904028 0.007686 0.013853
0 0.774328 0.732047 0.006343 0.019650
0 0.182940 0.910430 0.008227 0.026408
0 0.822923 0.765591 0.007685 0.026070
0 0.490491 0.788640 0.007398 0.017560
0 0.406558 0.813744 0.007135 0.018410
0 0.118098 0.939813 0.033951 0.019618
0 0.412465 0.813391 0.007181 0.013439
0 0.798038 0.593029 0.004720 0.016081
1 0.215535 0.309594 0.046571 0.103761
1 0.205883 0.407712 0.014811 0.007490
1 0.795327 0.581480 0.017890 0.021773