0 0.134760 0.847847 0.008340 0.032285
0 0.588670 0.681351 0.004047 0.025735
0 0.125109 0.912392 0.012302 0.039931
0 0.521943 0.662877 0.004579 0.016854
0 0.242441 0.736405 0.004319 0.010493
0 0.266275 0.722639 0.003837 0.011510
0 0.856254 0.685469 0.004859 0.020647
0 0.835861 0.692009 0.006538 0.025243
0 0.690941 0.664762 0.004710 0.017403
0 0.804105 0.831445 0.006639 0.014337
0 0.821670 0.558117 0.004257 0.014468
0 0.754110 0.793443 0.007392 0.034168
0 0.913752 0.652052 0.004735 0.019742
0 0.266357 0.734315 0.005825 0.012445
0 0.402732 0.668976 0.003284 0.009252
0 0.825714 0.554281 0.003010 0.008546
0 0.821764 0.587846 0.006687 0.009134
1 0.209973 0.312834 0.049156 0.107141
1 0.711497 0.548253 0.027051 0.019440
1 0.203168 0.409776 0.014422 0.008620
1 0.538880 0.939326 0.006556 0.033886
1 0.253478 0.967478 0.162078 0.057245