0 0.335014 0.751065 0.007557 0.025832
0 0.427203 0.822075 0.007786 0.029929
0 0.458857 0.803119 0.005731 0.037421
0 0.562737 0.946662 0.007903 0.041687
0 0.848140 0.710595 0.007562 0.032026
0 0.587981 0.948317 0.009718 0.039926
0 0.747669 0.739563 0.007196 0.029870
0 0.571513 0.957647 0.008631 0.031884
0 0.502497 0.883643 0.009554 0.028868
0 0.817239 0.787063 0.006975 0.024553
0 0.312833 0.719580 0.006019 0.013611
0 0.604558 0.601824 0.003968 0.009675
0 0.119290 0.932864 0.038152 0.033235
0 0.878760 0.532024 0.004521 0.017734
0 0.747168 0.517021 0.002621 0.007427
0 0.696873 0.923616 0.008435 0.015578
0 0.884617 0.530990 0.004928 0.020303
0 0.331909 0.880117 0.005256 0.011255
0 0.800152 0.590129 0.003955 0.004518
0 0.709046 0.713407 0.006237 0.017026
0 0.332916 0.751221 0.003381 0.026661
0 0.757882 0.734603 0.007389 0.033627
0 0.586671 0.958984 0.008217 0.021671
1 0.206544 0.312412 0.050025 0.106964
1 0.574700 0.275062 0.020047 0.081481
1 0.202057 0.410992 0.014655 0.008771