0 0.581347 0.952145 0.009499 0.034008
0 0.886206 0.527231 0.004356 0.018411
0 0.585411 0.845871 0.006883 0.031156
0 0.695215 0.924838 0.006375 0.016125
0 0.905363 0.529284 0.003999 0.021483
0 0.933099 0.532803 0.004347 0.019856
0 0.680177 0.920541 0.007417 0.014557
0 0.820952 0.529316 0.005663 0.020599
0 0.853855 0.681754 0.004988 0.025728
0 0.920537 0.537015 0.004679 0.019632
0 0.939744 0.539228 0.005500 0.030189
0 0.914041 0.529362 0.004036 0.018015
0 0.754449 0.795104 0.008420 0.042650
0 0.947802 0.540851 0.005988 0.030218
0 0.632552 0.991102 0.006578 0.017050
0 0.917242 0.526398 0.004526 0.022438
0 0.621932 0.853786 0.006631 0.028081
0 0.925777 0.536336 0.005291 0.019011
0 0.910808 0.532613 0.003426 0.018118
0 0.800843 0.686712 0.009248 0.017379
0 0.943116 0.540230 0.004731 0.030193
0 0.927909 0.726492 0.006149 0.028828
0 0.938631 0.535061 0.005141 0.021701
0 0.927887 0.525270 0.003607 0.012982
0 0.921108 0.523685 0.003565 0.013439
1 0.099142 0.332342 0.047530 0.114583
1 0.028304 0.348977 0.056512 0.138324
1 0.400699 0.810841 0.010119 0.017348
1 0.410766 0.805896 0.010724 0.019975
1 0.292055 0.977093 0.084928 0.044579
1 0.026073 0.405818 0.051932 0.024638