0 0.724498 0.909920 0.008039 0.044144
0 0.576293 0.897227 0.008051 0.047442
0 0.454389 0.803338 0.008450 0.035797
0 0.899691 0.654898 0.006143 0.027497
0 0.904018 0.498364 0.006945 0.034880
0 0.552839 0.690982 0.005745 0.018349
0 0.575357 0.680953 0.006064 0.022364
0 0.914175 0.648124 0.004919 0.022139
0 0.524934 0.958909 0.006610 0.021388
0 0.943301 0.766447 0.005954 0.029036
0 0.710781 0.780945 0.006523 0.015055
0 0.544279 0.691614 0.006899 0.018273
1 0.092758 0.329472 0.046785 0.109617
1 0.327835 0.303342 0.050746 0.109845
1 0.292721 0.976843 0.083620 0.044865