0 0.020120 0.926269 0.011015 0.025206
0 0.366794 0.825451 0.009430 0.021829
0 0.419331 0.888855 0.008722 0.042715
0 0.518477 0.844113 0.009101 0.037831
0 0.603495 0.612439 0.004779 0.016618
0 0.732961 0.751273 0.006109 0.019855
0 0.413482 0.891736 0.007322 0.038553
0 0.690917 0.929371 0.007134 0.015007
0 0.668316 0.910048 0.006986 0.021333
0 0.480772 0.667061 0.002747 0.010686
0 0.767107 0.731511 0.005733 0.029394
0 0.721348 0.757773 0.006088 0.019372
0 0.740733 0.538423 0.004364 0.010954
0 0.665551 0.922851 0.009771 0.018679
0 0.845069 0.787007 0.007612 0.025189
1 0.207502 0.308831 0.047331 0.101670
1 0.291401 0.977933 0.086134 0.044134