0 0.602122 0.644715 0.007640 0.027122
0 0.308070 0.710618 0.004631 0.012433
0 0.600412 0.644205 0.003941 0.026750
0 0.742955 0.548223 0.004179 0.015870
0 0.673888 0.614511 0.006080 0.025786
0 0.746246 0.737846 0.005502 0.030504
0 0.425875 0.890879 0.007556 0.042517
0 0.328877 0.709087 0.003831 0.012325
0 0.444164 0.885208 0.009064 0.037241
0 0.371123 0.905995 0.007878 0.037843
0 0.706599 0.760021 0.004482 0.024630
0 0.737037 0.552386 0.004598 0.016899
0 0.628910 0.538470 0.002842 0.006572
0 0.297002 0.868284 0.013059 0.022912
0 0.620549 0.584278 0.003991 0.009397
0 0.781999 0.726127 0.006158 0.021649
0 0.720681 0.747812 0.005100 0.020352
0 0.771243 0.731198 0.003669 0.022720
0 0.744706 0.658688 0.005133 0.019466
1 0.222484 0.311269 0.047686 0.105543
1 0.109205 0.295939 0.019769 0.075859
1 0.109237 0.324833 0.019746 0.017997