0 0.337875 0.872678 0.008202 0.023497
0 0.355249 0.926940 0.008008 0.041368
0 0.706458 0.592058 0.007381 0.022343
0 0.695920 0.598248 0.006983 0.022237
0 0.356267 0.867913 0.009570 0.019968
0 0.733831 0.598632 0.004644 0.025023
0 0.434856 0.899360 0.008436 0.038571
0 0.734019 0.589148 0.004830 0.006462
0 0.698762 0.768238 0.005373 0.023255
0 0.305094 0.866589 0.010039 0.018245
0 0.346827 0.871068 0.010320 0.021529
0 0.431659 0.898743 0.005756 0.036558
0 0.705671 0.586425 0.005491 0.011744
0 0.332054 0.882623 0.009828 0.017553
0 0.796189 0.834311 0.005840 0.017498
0 0.730577 0.602553 0.003897 0.018025
0 0.296911 0.869748 0.027010 0.024314
0 0.694460 0.586585 0.007712 0.011570
0 0.710263 0.757810 0.006240 0.030448
0 0.794165 0.587040 0.003528 0.010641
0 0.330891 0.877355 0.007417 0.023008
0 0.664165 0.900058 0.003399 0.012518
1 0.629866 0.313310 0.046748 0.142945
1 0.210684 0.309720 0.048282 0.104893
1 0.253238 0.967092 0.162523 0.057719
1 0.205889 0.408313 0.015330 0.006966
1 0.640182 0.974754 0.051053 0.048972
1 0.314466 0.977821 0.040106 0.044107