0 0.242496 0.754318 0.007482 0.022029
0 0.723894 0.542318 0.003318 0.011285
0 0.739103 0.535965 0.004043 0.011993
0 0.724239 0.606452 0.004733 0.020142
0 0.486855 0.790180 0.005460 0.016730
0 0.183371 0.910901 0.006848 0.023744
0 0.804878 0.588778 0.003537 0.007206
0 0.506726 0.785511 0.007474 0.016333
0 0.886970 0.534888 0.003577 0.020118
0 0.404778 0.811280 0.007806 0.020138
0 0.418119 0.808822 0.009883 0.018705
0 0.570974 0.907713 0.010014 0.029256
0 0.286755 0.858107 0.006938 0.014164
0 0.893123 0.533374 0.004941 0.021646
0 0.941975 0.510870 0.005629 0.011908
0 0.798114 0.589504 0.004823 0.005788
0 0.714566 0.898809 0.008296 0.019582
0 0.807072 0.955696 0.007176 0.034469
0 0.806111 0.593442 0.005488 0.016335
1 0.214533 0.310293 0.048323 0.104427
1 0.943376 0.519507 0.022769 0.011841