0 0.636773 0.625261 0.006131 0.023847
0 0.344719 0.809683 0.007195 0.033800
0 0.648437 0.624580 0.004316 0.022671
0 0.349992 0.774768 0.008431 0.031436
0 0.222209 0.977878 0.008535 0.043508
0 0.652406 0.908788 0.006573 0.019383
0 0.624961 0.856284 0.007314 0.029681
0 0.213106 0.978277 0.006847 0.035546
0 0.835977 0.817613 0.005751 0.018956
0 0.710763 0.962703 0.006744 0.018606
1 0.150723 0.324701 0.039925 0.106221
1 0.663157 0.323881 0.075961 0.173111
1 0.291966 0.977418 0.085337 0.044241
1 0.720842 0.294250 0.005172 0.008132
1 0.198544 0.413863 0.014938 0.008256
1 0.406463 0.812000 0.021559 0.018833
1 0.588897 0.878669 0.026981 0.045006