0 0.295622 0.769199 0.007396 0.038270
0 0.601548 0.630916 0.004832 0.020413
0 0.749993 0.568678 0.004126 0.020399
0 0.737805 0.583488 0.005519 0.017632
0 0.130667 0.929687 0.009397 0.019424
0 0.713386 0.642005 0.004281 0.020901
0 0.576208 0.816707 0.005468 0.020591
0 0.764795 0.564398 0.005270 0.020745
0 0.846569 0.816583 0.006014 0.016340
0 0.705530 0.637775 0.006731 0.024878
0 0.778731 0.517688 0.005101 0.009910
0 0.800532 0.589026 0.004520 0.006723
0 0.186705 0.915475 0.008965 0.017612
0 0.182430 0.911955 0.004363 0.018913
1 0.211076 0.311454 0.049174 0.107259
1 0.291296 0.978378 0.086700 0.043245
1 0.205611 0.411375 0.015963 0.008524