0 0.671978 0.916417 0.009903 0.036913
0 0.633400 0.602998 0.004842 0.019459
0 0.367782 0.934256 0.008020 0.036899
0 0.683512 0.616669 0.004655 0.021089
0 0.730318 0.612039 0.004528 0.025392
0 0.468949 0.914203 0.005257 0.030879
0 0.616825 0.671249 0.005220 0.025957
0 0.619974 0.664462 0.004152 0.026334
0 0.461209 0.913434 0.008701 0.034657
0 0.658100 0.913108 0.008783 0.021237
0 0.450168 0.910952 0.009106 0.032907
0 0.441723 0.912168 0.008274 0.026690
1 0.182007 0.319457 0.046438 0.110067
1 0.197217 0.287112 0.017799 0.071272
1 0.284952 0.299227 0.017654 0.005303
1 0.197253 0.315583 0.017380 0.014360
1 0.290999 0.977785 0.086910 0.044429
1 0.314717 0.977877 0.039696 0.043849
1 0.182208 0.357218 0.045911 0.033869