0 0.579967 0.956779 0.010906 0.031561
0 0.330257 0.935701 0.008679 0.035721
0 0.461827 0.924201 0.009683 0.020416
0 0.452454 0.924980 0.009765 0.027090
0 0.850327 0.710412 0.005811 0.031486
0 0.196313 0.979974 0.012567 0.038599
0 0.388289 0.912556 0.007136 0.034173
0 0.690029 0.957151 0.008892 0.028041
0 0.763476 0.593716 0.004465 0.020755
0 0.451035 0.891680 0.005380 0.023423
0 0.336029 0.934873 0.020359 0.036609
0 0.614457 0.859148 0.007898 0.018768
0 0.198389 0.977699 0.008216 0.025467
1 0.107479 0.329181 0.031116 0.111506
1 0.796431 0.478950 0.075353 0.050029
1 0.818772 0.377848 0.030669 0.249903
1 0.588845 0.878218 0.027067 0.045517
1 0.290733 0.977448 0.087656 0.044306
1 0.796662 0.378222 0.075328 0.252476
1 0.983328 0.495230 0.031637 0.193629
1 0.107396 0.372161 0.030869 0.025167
1 0.314525 0.977126 0.040121 0.044217