0 0.361689 0.935712 0.010862 0.032993
0 0.474615 0.970906 0.008806 0.043777
0 0.512928 0.975516 0.008070 0.044805
0 0.238150 0.967673 0.014368 0.043025
0 0.481206 0.965275 0.009572 0.044545
0 0.502621 0.978020 0.009954 0.040482
0 0.585538 0.949856 0.008658 0.034371
0 0.244441 0.956535 0.014544 0.037678
0 0.717630 0.600518 0.005969 0.023444
0 0.386691 0.951703 0.013070 0.022370
0 0.726163 0.608864 0.007503 0.012982
0 0.730906 0.608486 0.004251 0.012358
0 0.585528 0.957880 0.007893 0.019464
1 0.076728 0.332687 0.048827 0.109962
1 0.745727 0.659082 0.022407 0.028198
1 0.291107 0.977777 0.087047 0.043832
1 0.328643 0.974350 0.121347 0.050672
1 0.983078 0.470862 0.032143 0.241712