0 0.600769 0.649028 0.004527 0.026801
0 0.130724 0.836672 0.008834 0.034927
0 0.687099 0.579133 0.004301 0.017030
0 0.696127 0.578848 0.002907 0.015461
0 0.194228 0.980827 0.011334 0.037141
0 0.589964 0.652444 0.007373 0.030927
0 0.682407 0.555634 0.003863 0.011528
0 0.664045 0.907128 0.008823 0.025940
0 0.272536 0.715186 0.005238 0.010765
0 0.295380 0.715196 0.003106 0.011103
0 0.663318 0.549816 0.002700 0.008514
0 0.776716 0.726270 0.007175 0.028725
0 0.502998 0.887382 0.010680 0.022502
0 0.251208 0.966286 0.008048 0.035734
0 0.248876 0.960618 0.011998 0.046799
0 0.621231 0.546792 0.002639 0.009410
0 0.763406 0.735995 0.005930 0.025897
0 0.364867 0.849650 0.011543 0.018168
0 0.294843 0.865766 0.012657 0.027505
0 0.153183 0.430848 0.005125 0.012200
0 0.156403 0.431311 0.012199 0.013072
0 0.766006 0.728971 0.005046 0.028297
0 0.361964 0.849524 0.006293 0.017046
1 0.211616 0.309392 0.045897 0.104606
1 0.056203 0.301548 0.013086 0.059475
1 0.836099 0.309521 0.068147 0.035725
1 0.035499 0.309583 0.025142 0.080367
1 0.205957 0.408270 0.015758 0.007575
1 0.035658 0.339645 0.025078 0.020229