0 0.695342 0.614517 0.005172 0.023729
0 0.019457 0.921228 0.010014 0.032794
0 0.717552 0.610351 0.004685 0.022785
0 0.701157 0.614408 0.005333 0.023822
0 0.684194 0.635000 0.004219 0.026985
0 0.694218 0.927972 0.005935 0.014404
0 0.604851 0.743607 0.005341 0.011395
0 0.610000 0.863506 0.006687 0.015532
1 0.185231 0.315463 0.049331 0.116303
1 0.169330 0.321492 0.030718 0.019191
1 0.290972 0.978073 0.087150 0.043854
1 0.983021 0.498849 0.031843 0.186787
1 0.185434 0.360739 0.048933 0.024421
1 0.169187 0.294697 0.030726 0.073746