0 0.418795 0.843022 0.007591 0.036065
0 0.401238 0.843386 0.007229 0.035951
0 0.276416 0.796902 0.007176 0.030494
0 0.271258 0.795642 0.006845 0.033570
0 0.317003 0.722738 0.006275 0.021162
0 0.381302 0.709694 0.004415 0.017536
0 0.407560 0.693629 0.005375 0.014020
0 0.719495 0.630423 0.007892 0.018382
0 0.431300 0.863598 0.006841 0.037083
0 0.814195 0.590077 0.004406 0.019968
0 0.643335 0.708692 0.014804 0.020073
0 0.942178 0.474841 0.003117 0.012993
0 0.403793 0.700248 0.004963 0.012089
0 0.495442 0.881675 0.006715 0.022735
0 0.282536 0.864496 0.006202 0.022759
0 0.178770 0.903267 0.005903 0.014916
0 0.370264 0.711553 0.005163 0.011287
1 0.212400 0.312027 0.046426 0.105275
1 0.811942 0.240198 0.011138 0.035005
1 0.707989 0.693149 0.021741 0.014525