0 0.517665 0.743267 0.007840 0.028945
0 0.508456 0.744485 0.006279 0.032810
0 0.585097 0.636476 0.005584 0.020755
0 0.717892 0.583718 0.004290 0.017153
0 0.721974 0.583476 0.003740 0.017667
0 0.670204 0.600340 0.004248 0.019605
0 0.678333 0.598656 0.005320 0.020407
0 0.322007 0.937574 0.013265 0.042752
0 0.130220 0.929752 0.010215 0.020046
0 0.804675 0.589446 0.003516 0.005871
0 0.797477 0.586231 0.004829 0.012285
0 0.363508 0.850024 0.011673 0.022542
0 0.003757 0.968496 0.007473 0.023785
0 0.847311 0.683873 0.004695 0.020064
0 0.679809 0.913118 0.008505 0.017355
0 0.175553 0.914989 0.010242 0.019788
0 0.178974 0.905036 0.006460 0.016001
0 0.940734 0.466739 0.004044 0.016196
0 0.120041 0.934730 0.030896 0.030165
0 0.414805 0.802509 0.005613 0.011170
1 0.214281 0.310662 0.047183 0.106436
1 0.292701 0.978241 0.083894 0.042883
1 0.205616 0.407785 0.015524 0.006771