0 0.291482 0.855299 0.008127 0.038861
0 0.421167 0.904678 0.010188 0.036485
0 0.575952 0.673227 0.007250 0.027314
0 0.348074 0.855660 0.016098 0.043689
0 0.282501 0.852820 0.006225 0.035961
0 0.388892 0.907340 0.008327 0.042882
0 0.992448 0.484245 0.007146 0.033847
0 0.257912 0.957790 0.008639 0.041750
0 0.539535 0.753350 0.007939 0.028973
0 0.372961 0.907122 0.010117 0.037065
0 0.201979 0.989501 0.011890 0.020780
0 0.797267 0.588856 0.004694 0.007001
0 0.985932 0.469370 0.005695 0.017408
0 0.290528 0.951459 0.009170 0.044530
0 0.886387 0.535948 0.004851 0.018554
0 0.690623 0.924296 0.006161 0.025236
0 0.291297 0.961986 0.007756 0.027551
0 0.898869 0.656333 0.004029 0.018258
0 0.601936 0.739632 0.007960 0.018008
0 0.827661 0.781124 0.009230 0.019765
0 0.797115 0.592319 0.005173 0.015276
0 0.595693 0.740302 0.005531 0.016568
1 0.213742 0.309114 0.046037 0.102409