0 0.659887 0.916838 0.008085 0.040193
0 0.503108 0.696269 0.009062 0.039314
0 0.273348 0.720584 0.004061 0.013497
0 0.799978 0.541873 0.005620 0.021642
0 0.662118 0.605424 0.003721 0.022038
0 0.153975 0.882757 0.014690 0.025499
0 0.285078 0.865361 0.006980 0.019038
0 0.716049 0.614898 0.005422 0.024969
0 0.187266 0.912963 0.012968 0.022306
0 0.291374 0.865328 0.008704 0.020911
0 0.873089 0.857787 0.006899 0.026626
0 0.057533 0.949275 0.009348 0.023776
0 0.925653 0.645204 0.003962 0.014050
1 0.719128 0.289892 0.031907 0.020196
1 0.213668 0.310589 0.047468 0.104271
1 0.325539 0.283837 0.026681 0.097348
1 0.323409 0.323599 0.022249 0.017868