0 0.411880 0.842532 0.008645 0.035159
0 0.363185 0.843045 0.010995 0.036440
0 0.717906 0.588372 0.003329 0.022829
0 0.684631 0.931751 0.009927 0.020701
0 0.384820 0.901276 0.008232 0.034711
0 0.794754 0.808219 0.006647 0.026297
0 0.833834 0.700357 0.005648 0.021778
0 0.800023 0.836209 0.006323 0.016999
0 0.727970 0.637978 0.008998 0.016955
0 0.500818 0.856354 0.006031 0.020651
0 0.378898 0.916436 0.010167 0.032550
0 0.819811 0.586849 0.004139 0.011018
0 0.844806 0.692341 0.005407 0.021781
0 0.521348 0.844562 0.005863 0.033860
0 0.622642 0.863912 0.004892 0.013274
0 0.806246 0.596826 0.003807 0.009198
0 0.829848 0.586973 0.006086 0.010828
0 0.825352 0.585825 0.004739 0.013079
1 0.212521 0.309512 0.047256 0.104703
1 0.627575 0.299958 0.034880 0.121294
1 0.204623 0.408911 0.015217 0.007120
1 0.264915 0.968002 0.139177 0.058504