0 0.727418 0.578921 0.005914 0.024382
0 0.885293 0.515099 0.005259 0.019418
0 0.798111 0.589109 0.003682 0.006541
0 0.805206 0.589158 0.003637 0.006456
0 0.624547 0.589861 0.003439 0.004984
0 0.698931 0.875411 0.006596 0.017315
0 0.446309 0.679644 0.003689 0.010786
0 0.490941 0.788882 0.006956 0.018278
0 0.942530 0.474723 0.003235 0.015041
0 0.942724 0.477997 0.002783 0.007780
0 0.289168 0.859774 0.008345 0.015830
0 0.496644 0.789242 0.005957 0.016281
0 0.508401 0.785055 0.006693 0.014857
0 0.501452 0.787814 0.006108 0.017577
0 0.804622 0.593437 0.004689 0.014660
1 0.215042 0.309035 0.047680 0.102604
1 0.204604 0.406917 0.015395 0.007802
1 0.588464 0.880466 0.027812 0.053697