0 0.361369 0.762028 0.008661 0.030563
0 0.151990 0.803091 0.009397 0.031354
0 0.157862 0.798574 0.006895 0.030500
0 0.302292 0.933166 0.010249 0.039516
0 0.335446 0.751099 0.007025 0.024747
0 0.018039 0.964158 0.009505 0.022810
0 0.818372 0.835547 0.006935 0.018065
0 0.413163 0.801225 0.007368 0.026109
0 0.665698 0.936571 0.009999 0.020683
0 0.294948 0.955299 0.012829 0.014205
0 0.332982 0.750948 0.003244 0.024468
0 0.918145 0.648233 0.004075 0.017609
0 0.008469 0.970366 0.007098 0.010904
0 0.675281 0.915966 0.011239 0.024448
1 0.209358 0.309288 0.048298 0.105305
1 0.314860 0.977346 0.039477 0.042097
1 0.291309 0.978166 0.086481 0.042821
1 0.588550 0.878920 0.027647 0.047108