0 0.808014 0.538519 0.002919 0.016332
0 0.529080 0.754063 0.008978 0.017931
0 0.812611 0.537206 0.003745 0.018226
0 0.297060 0.951503 0.008252 0.035890
0 0.605443 0.605375 0.005867 0.014830
0 0.593570 0.610365 0.004206 0.009604
0 0.535612 0.719141 0.006866 0.027430
0 0.560931 0.674706 0.005614 0.024480
0 0.528405 0.717071 0.007035 0.028898
0 0.458048 0.872980 0.005310 0.023421
1 0.212531 0.308824 0.044752 0.102575
1 0.202715 0.402885 0.015192 0.011658
1 0.289926 0.978219 0.089097 0.043562
1 0.599390 0.748886 0.005989 0.008572