0 0.685465 0.603267 0.005514 0.026654
0 0.583889 0.684834 0.006730 0.024608
0 0.667815 0.611415 0.005337 0.028273
0 0.364340 0.940138 0.007655 0.024826
0 0.735699 0.567934 0.005128 0.021004
0 0.726112 0.608821 0.007497 0.015877
0 0.669187 0.916157 0.009908 0.026677
0 0.654798 0.910577 0.007485 0.037481
0 0.805933 0.547341 0.004224 0.020755
0 0.808669 0.544873 0.003160 0.018203
0 0.207720 0.967537 0.007367 0.032698
0 0.218602 0.903404 0.009454 0.019138
0 0.514125 0.564986 0.041474 0.054751
0 0.827806 0.971276 0.047802 0.045754
0 0.615269 0.860318 0.009391 0.017014
0 0.260741 0.722067 0.005763 0.012462
1 0.077528 0.331316 0.048902 0.110609
1 0.588988 0.879507 0.026842 0.047164
1 0.314694 0.970943 0.039787 0.031531
1 0.281889 0.977583 0.105252 0.044834