0 0.375413 0.760543 0.007102 0.032453
0 0.364678 0.812907 0.010543 0.044175
0 0.727063 0.632724 0.005095 0.027984
0 0.876780 0.671380 0.006559 0.025522
0 0.665134 0.922417 0.007991 0.021042
0 0.836637 0.697988 0.004819 0.021452
0 0.828885 0.583888 0.004409 0.011583
0 0.382491 0.949580 0.008620 0.023682
0 0.584627 0.744483 0.004798 0.019062
0 0.845405 0.787128 0.007021 0.023526
0 0.581240 0.750603 0.007209 0.016906
1 0.204150 0.309569 0.045811 0.102296
1 0.292582 0.977236 0.083852 0.044503
1 0.344327 0.876825 0.032544 0.021299