0 0.396041 0.907962 0.008856 0.037288
0 0.413878 0.903612 0.008227 0.033624
0 0.580625 0.954015 0.008765 0.031653
0 0.615362 0.798835 0.006448 0.031118
0 0.428457 0.903081 0.010627 0.031062
0 0.856579 0.677744 0.006100 0.026766
0 0.380479 0.909181 0.007310 0.033873
0 0.599405 0.807769 0.005844 0.030828
0 0.269625 0.908840 0.003686 0.016993
0 0.745648 0.741916 0.005692 0.023276
0 0.668501 0.856435 0.007189 0.031635
0 0.688272 0.635802 0.004774 0.028568
0 0.682023 0.641132 0.004967 0.025465
0 0.525082 0.958538 0.006877 0.025472
0 0.522058 0.559338 0.056648 0.066046
1 0.101566 0.328867 0.048583 0.109132
1 0.309769 0.322159 0.041566 0.123182
1 0.309772 0.363527 0.041302 0.039378
1 0.284984 0.977346 0.098922 0.044446
2 0.172067 0.422688 0.010892 0.013729