0 0.269914 0.818538 0.004263 0.037058
0 0.267871 0.819103 0.008738 0.039148
0 0.239950 0.962367 0.015783 0.050608
0 0.615672 0.710851 0.006733 0.027904
0 0.425674 0.891194 0.008888 0.043732
0 0.915683 0.647003 0.004764 0.018880
0 0.129072 0.987279 0.014191 0.024887
0 0.922389 0.645570 0.004274 0.017551
0 0.347376 0.773526 0.006250 0.036967
0 0.418441 0.892805 0.013991 0.038116
0 0.454019 0.883203 0.007980 0.038369
0 0.324228 0.943614 0.011889 0.034219
1 0.171165 0.320364 0.039076 0.111936
1 0.123716 0.470461 0.054886 0.014157
1 0.982984 0.500441 0.032286 0.183587
1 0.314751 0.977489 0.039473 0.042801
1 0.291000 0.977968 0.087122 0.043840
2 0.124037 0.470213 0.054501 0.013309