0 0.296479 0.790343 0.011008 0.033603
0 0.613703 0.807517 0.006267 0.028687
0 0.219194 0.774316 0.005926 0.026967
0 0.427199 0.893568 0.007431 0.038351
0 0.155052 0.751138 0.004965 0.010934
0 0.406497 0.946581 0.010642 0.023196
0 0.147278 0.729939 0.003530 0.013427
0 0.837602 0.309723 0.065107 0.035687
0 0.295461 0.866897 0.010002 0.024755
0 0.704329 0.669073 0.005022 0.021003
0 0.683075 0.682216 0.007892 0.040911
0 0.859677 0.355452 0.020990 0.051184
0 0.185102 0.912889 0.009214 0.020926
0 0.818558 0.827883 0.008200 0.017618
0 0.415657 0.896980 0.010334 0.041147
0 0.541328 0.972115 0.006074 0.019110
0 0.541168 0.987654 0.007386 0.023852
0 0.278862 0.948636 0.008117 0.022635
0 0.550383 0.970342 0.005668 0.022617
0 0.286439 0.870951 0.011655 0.020477
0 0.417298 0.900569 0.006470 0.032751
0 0.500454 0.668419 0.006340 0.016235
0 0.645217 0.707425 0.007226 0.018123
0 0.723096 0.630483 0.005901 0.012981
0 0.807933 0.589785 0.004545 0.005183
1 0.214796 0.312115 0.047424 0.108146
1 0.943576 0.520155 0.021941 0.012560
2 0.222198 0.786282 0.022542 0.008976