0 0.063857 0.937046 0.010297 0.044683
0 0.463108 0.732322 0.005342 0.026711
0 0.472900 0.729802 0.007913 0.031205
0 0.222574 0.784909 0.008854 0.027483
0 0.318466 0.931743 0.011654 0.043821
0 0.055982 0.941375 0.008536 0.039541
0 0.381826 0.905954 0.009051 0.038220
0 0.387931 0.908810 0.006434 0.039595
0 0.063715 0.775459 0.004211 0.008797
0 0.077308 0.764542 0.004611 0.008728
0 0.813781 0.810179 0.005222 0.021719
0 0.355582 0.937728 0.010490 0.018676
0 0.278494 0.714700 0.004646 0.009684
0 0.251906 0.724705 0.004950 0.010844
0 0.723598 0.646052 0.005082 0.027367
0 0.187463 0.914246 0.010530 0.017418
0 0.364913 0.851277 0.007327 0.023296
0 0.498077 0.788990 0.008946 0.016930
0 0.307955 0.663107 0.003941 0.009652
0 0.806532 0.804896 0.006090 0.017227
0 0.856406 0.885556 0.007851 0.015137
0 0.320841 0.659503 0.007702 0.009757
0 0.649287 0.577268 0.003923 0.012066
0 0.647489 0.893142 0.005751 0.022680
0 0.818294 0.985572 0.015387 0.028394
0 0.746850 0.630564 0.006569 0.012649
1 0.204589 0.314542 0.048260 0.107341
1 0.205540 0.411793 0.016378 0.007176
1 0.667853 0.221051 0.004668 0.011983
1 0.204434 0.355312 0.048124 0.025278
1 0.546133 0.759316 0.025071 0.019958