0 0.516066 0.672516 0.006894 0.021552
0 0.081073 0.772063 0.007533 0.016361
0 0.579321 0.954854 0.007585 0.035434
0 0.532364 0.841346 0.007766 0.035321
0 0.446477 0.682367 0.006482 0.016633
0 0.730049 0.746476 0.008287 0.029320
0 0.470890 0.669008 0.004066 0.012210
0 0.288148 0.860702 0.006913 0.018584
0 0.456638 0.667359 0.002924 0.009330
0 0.302158 0.864899 0.011382 0.026298
0 0.184825 0.913102 0.009904 0.020886
0 0.760298 0.736163 0.004390 0.021408
0 0.434349 0.872978 0.007289 0.035824
0 0.650901 0.790049 0.005579 0.021474
0 0.477883 0.791339 0.010215 0.018134
0 0.490388 0.781514 0.006331 0.017594
1 0.211351 0.311203 0.048360 0.104734
2 0.448380 0.687538 0.010428 0.007439