0 0.131467 0.802975 0.008154 0.032187
0 0.757108 0.566478 0.005653 0.027878
0 0.228005 0.726115 0.003178 0.008511
0 0.017285 0.788450 0.004666 0.012393
0 0.256750 0.723864 0.002937 0.008932
0 0.666305 0.851663 0.007996 0.031640
0 0.984518 0.991252 0.010409 0.017130
0 0.016683 0.941615 0.013567 0.039385
0 0.244904 0.731650 0.006658 0.009250
0 0.061088 0.773163 0.003103 0.010588
0 0.922654 0.645132 0.005440 0.017570
0 0.952816 0.498221 0.003720 0.015651
1 0.195176 0.315949 0.047992 0.108349
1 0.201423 0.411720 0.015369 0.008349