0 0.436940 0.887834 0.011365 0.037706
0 0.428717 0.896116 0.007208 0.040003
0 0.546815 0.691549 0.007990 0.030744
0 0.704286 0.918005 0.008027 0.033959
0 0.745362 0.916177 0.007393 0.020022
0 0.691901 0.950767 0.009150 0.023801
0 0.747441 0.743711 0.004739 0.021414
0 0.455013 0.815341 0.008369 0.013464
0 0.819555 0.769456 0.005776 0.030119
1 0.141840 0.325431 0.026192 0.113260
1 0.031266 0.326835 0.041213 0.093278
1 0.702904 0.327301 0.028400 0.007090
1 0.314366 0.977904 0.040440 0.044055
1 0.340795 0.973612 0.094087 0.050745
1 0.291703 0.977728 0.085507 0.044500
1 0.141902 0.368133 0.026065 0.027038