0 0.444310 0.889429 0.007841 0.041864
0 0.699010 0.600899 0.004361 0.022436
0 0.764815 0.733248 0.005195 0.024883
0 0.759711 0.734194 0.003988 0.023344
0 0.683080 0.596191 0.004103 0.023716
0 0.795953 0.675798 0.005958 0.026444
0 0.919753 0.644620 0.006723 0.022062
0 0.364999 0.924046 0.006730 0.030655
0 0.498101 0.887270 0.008413 0.020732
0 0.656316 0.940031 0.009844 0.021856
1 0.086395 0.331863 0.049517 0.112659
1 0.290339 0.977339 0.088268 0.044986
1 0.745943 0.658701 0.022665 0.028055
1 0.711971 0.964624 0.045594 0.032487