0 0.360268 0.755276 0.006263 0.029349
0 0.439627 0.723897 0.005732 0.030655
0 0.309777 0.941042 0.007118 0.025999
0 0.539425 0.992223 0.009944 0.014816
0 0.269661 0.959954 0.009878 0.040084
0 0.303962 0.940470 0.006385 0.026208
0 0.054075 0.832141 0.007102 0.036463
0 0.662523 0.653640 0.005695 0.023328
0 0.103746 0.768591 0.007401 0.015978
0 0.443937 0.729164 0.004511 0.016155
0 0.372913 0.708005 0.005441 0.012774
0 0.820905 0.563526 0.005549 0.021425
0 0.902279 0.692022 0.007641 0.020165
0 0.509618 0.653763 0.003963 0.011117
0 0.519631 0.649530 0.003866 0.007418
0 0.553893 0.977787 0.006249 0.020456
1 0.210439 0.310350 0.047064 0.103963
1 0.283611 0.976970 0.101251 0.046060
1 0.859852 0.970767 0.011232 0.020192