0 0.357888 0.809229 0.006374 0.034577
0 0.298097 0.736826 0.005691 0.020557
0 0.367285 0.812630 0.006433 0.026330
0 0.673035 0.923931 0.008698 0.015527
0 0.694320 0.919424 0.008047 0.024627
0 0.527797 0.843774 0.007048 0.026943
0 0.386856 0.811811 0.007775 0.026623
0 0.648485 0.791855 0.006110 0.019208
0 0.452070 0.930612 0.006619 0.015984
1 0.205905 0.312800 0.047856 0.106753
1 0.985804 0.435796 0.026522 0.050298
1 0.291423 0.978042 0.086394 0.043864
1 0.982981 0.532378 0.032522 0.120013
1 0.986259 0.369272 0.025425 0.035363
1 0.926594 0.423275 0.044498 0.034340