0 0.597592 0.815369 0.006792 0.032996
0 0.579815 0.322933 0.007999 0.010393
0 0.065252 0.944814 0.009616 0.020616
0 0.060570 0.952415 0.011107 0.016755
0 0.804619 0.807721 0.004096 0.012740
0 0.622624 0.801028 0.004275 0.021640
0 0.185913 0.913173 0.016702 0.022580
0 0.809020 0.825509 0.005739 0.016297
0 0.461285 0.890546 0.009082 0.032979
0 0.294381 0.863070 0.008320 0.023450
1 0.049019 0.330255 0.043206 0.101022
1 0.209796 0.350307 0.047598 0.034734
1 0.209900 0.313221 0.047569 0.108071
1 0.207313 0.411557 0.015178 0.008467
1 0.048955 0.363806 0.042688 0.033198