0 0.342882 0.752300 0.006213 0.034433
0 0.352008 0.754214 0.007351 0.035030
0 0.597040 0.811782 0.007256 0.026884
0 0.757376 0.732350 0.006986 0.033273
0 0.680360 0.773685 0.004761 0.021604
0 0.682844 0.931554 0.008207 0.020172
0 0.585501 0.809726 0.006643 0.024724
0 0.398041 0.910603 0.009281 0.034026
0 0.696777 0.925890 0.007456 0.012658
0 0.414538 0.903261 0.007875 0.031233
0 0.154643 0.984120 0.010075 0.030979
0 0.851729 0.709338 0.005512 0.030653
0 0.678223 0.603953 0.007333 0.024520
0 0.176595 0.989013 0.009211 0.020467
0 0.699151 0.959541 0.006715 0.020178
0 0.653509 0.781386 0.005372 0.026335
0 0.804085 0.712184 0.005814 0.021439
0 0.269594 0.907510 0.003618 0.015410
0 0.855713 0.707557 0.005250 0.028776
0 0.664650 0.773083 0.004491 0.018732
1 0.083065 0.332824 0.048476 0.113389
1 0.150287 0.323006 0.027205 0.016588
1 0.745848 0.658809 0.023002 0.027764
1 0.150286 0.292156 0.027455 0.078601
1 0.291030 0.977507 0.087105 0.044987