0 0.151395 0.985844 0.010489 0.027478
0 0.464273 0.919476 0.008855 0.026569
0 0.802026 0.544029 0.003573 0.018775
0 0.202154 0.870728 0.007541 0.037802
0 0.605273 0.654050 0.004983 0.023820
0 0.686429 0.918669 0.007270 0.023732
0 0.206414 0.870253 0.007083 0.037863
0 0.612867 0.626418 0.006436 0.020958
0 0.291342 0.861156 0.008908 0.022291
0 0.787308 0.583406 0.003906 0.017920
0 0.650146 0.603220 0.004569 0.016967
0 0.897127 0.656711 0.004115 0.025771
0 0.702530 0.920780 0.005679 0.013512
0 0.487768 0.864785 0.007615 0.019575
0 0.923673 0.758535 0.007510 0.032118
1 0.219531 0.309319 0.049156 0.105888
1 0.458868 0.271993 0.033379 0.076847
1 0.205963 0.407205 0.015633 0.008745
1 0.261703 0.968677 0.145884 0.057921