0 0.229870 0.973024 0.009078 0.044880
0 0.289637 0.953196 0.013916 0.040774
0 0.670820 0.590794 0.005783 0.015811
0 0.805706 0.590068 0.003141 0.004613
0 0.171819 0.984277 0.014527 0.031295
0 0.003308 0.877484 0.006580 0.015962
0 0.288519 0.960884 0.010386 0.025356
0 0.767743 0.959098 0.006182 0.015155
0 0.765116 0.630817 0.005777 0.025129
0 0.603143 0.737382 0.004155 0.013200
0 0.501787 0.782634 0.013701 0.025344
0 0.346510 0.917075 0.005842 0.031684
1 0.213472 0.311404 0.046775 0.107615
1 0.318473 0.292497 0.044235 0.090829
1 0.315561 0.324441 0.038069 0.027076
1 0.213658 0.349082 0.046692 0.031026
1 0.314471 0.977767 0.040158 0.043071
1 0.366648 0.860918 0.034654 0.026365