0 0.225006 0.748035 0.008191 0.020302
0 0.573006 0.723196 0.005322 0.031894
0 0.129493 0.769992 0.005784 0.022085
0 0.185952 0.911670 0.010935 0.018843
0 0.424238 0.689995 0.003713 0.018579
0 0.360528 0.713040 0.007643 0.014025
0 0.680179 0.567589 0.003931 0.017378
0 0.406456 0.699162 0.007059 0.019836
0 0.566243 0.737417 0.012987 0.020042
0 0.434911 0.688101 0.004276 0.014355
0 0.683894 0.931177 0.006870 0.017651
0 0.121569 0.773278 0.005762 0.010241
0 0.304157 0.860832 0.007784 0.017855
0 0.175278 0.914320 0.008552 0.018031
0 0.490014 0.782884 0.006078 0.018062
0 0.297965 0.865094 0.020371 0.027019
0 0.425589 0.689344 0.004678 0.017794
0 0.650676 0.544048 0.003237 0.010440
1 0.212770 0.311375 0.046914 0.105018
1 0.034768 0.311575 0.032906 0.082028
1 0.755208 0.668183 0.024114 0.020819
1 0.291291 0.977336 0.086470 0.045328
1 0.034849 0.338714 0.032459 0.025523
2 0.227789 0.754899 0.006548 0.006478