0 0.238481 0.852268 0.010087 0.035528
0 0.467581 0.921033 0.007550 0.020730
0 0.946130 0.506382 0.004397 0.017952
0 0.454937 0.925955 0.012045 0.022945
0 0.291009 0.861118 0.009894 0.018617
0 0.487623 0.785156 0.005435 0.013845
0 0.790285 0.551774 0.004812 0.020238
0 0.546592 0.917528 0.011548 0.025602
0 0.652547 0.911068 0.008612 0.025018
0 0.417777 0.808261 0.009915 0.019298
0 0.668221 0.913840 0.008385 0.020051
0 0.837068 0.520739 0.003513 0.019460
0 0.394331 0.961639 0.009479 0.026130
0 0.823640 0.523796 0.003851 0.014581
0 0.785986 0.552195 0.004084 0.019339
0 0.772424 0.517239 0.003497 0.010342
0 0.798103 0.589207 0.004669 0.006318
0 0.387577 0.951706 0.007314 0.023938
0 0.008727 0.786338 0.004519 0.011803
0 0.801990 0.589072 0.003988 0.006617
0 0.493316 0.697913 0.003866 0.021618
0 0.784286 0.516782 0.002497 0.008848
1 0.564688 0.299788 0.045356 0.120596
1 0.208773 0.308699 0.048910 0.102860
1 0.943674 0.519509 0.022780 0.012447
1 0.258225 0.969023 0.152850 0.057424
1 0.293760 0.977892 0.081780 0.043146
1 0.207236 0.407908 0.014919 0.007608