0 0.384714 0.900937 0.007947 0.038272
0 0.718043 0.589216 0.004162 0.006323
0 0.810503 0.584378 0.004607 0.015858
0 0.438651 0.889882 0.003541 0.021009
0 0.457226 0.677050 0.005122 0.012444
0 0.954417 0.496056 0.005084 0.018556
0 0.185059 0.913970 0.010229 0.022907
0 0.834529 0.568499 0.004265 0.012641
0 0.716901 0.591737 0.007483 0.012023
0 0.391332 0.906350 0.006593 0.021331
0 0.802510 0.790631 0.006731 0.028850
0 0.566407 0.733712 0.009904 0.016572
0 0.286754 0.865602 0.009357 0.019160
0 0.269977 0.953186 0.004373 0.032975
1 0.213312 0.312173 0.046081 0.106639
1 0.114055 0.311786 0.032320 0.087189
1 0.812580 0.263990 0.018265 0.057440
1 0.812491 0.283910 0.018243 0.017634