0 0.268803 0.791144 0.007283 0.030107
0 0.395072 0.910627 0.010915 0.043282
0 0.696366 0.584969 0.004715 0.021243
0 0.283048 0.787221 0.007468 0.031961
0 0.279856 0.793773 0.006467 0.021432
0 0.809172 0.835407 0.005340 0.018018
0 0.706476 0.713878 0.009997 0.017888
0 0.822264 0.817020 0.006113 0.016527
0 0.728915 0.640747 0.012770 0.012668
0 0.331807 0.880369 0.005515 0.012134
0 0.523897 0.556655 0.057047 0.071420
1 0.536430 0.295809 0.049314 0.114426
1 0.206915 0.311387 0.048519 0.105001
1 0.205062 0.407213 0.014815 0.008006