0 0.670465 0.989615 0.007104 0.020227
0 0.286284 0.724239 0.004226 0.013880
0 0.318901 0.710796 0.005332 0.012345
0 0.570322 0.826895 0.006914 0.032876
0 0.318790 0.726387 0.005768 0.009638
0 0.805615 0.587966 0.004363 0.022967
0 0.827400 0.557688 0.005257 0.016680
0 0.855542 0.683611 0.005958 0.024236
0 0.417850 0.808389 0.010385 0.018084
0 0.805288 0.585093 0.003223 0.014571
0 0.518007 0.653405 0.004470 0.010512
0 0.701455 0.552362 0.003874 0.008590
0 0.804899 0.712049 0.005570 0.023281
0 0.990383 0.994714 0.009730 0.010139
0 0.821927 0.587757 0.007016 0.009278
0 0.710285 0.675132 0.007967 0.020738
0 0.129639 0.930727 0.019019 0.031565
0 0.830205 0.587794 0.008569 0.009212
1 0.210431 0.311600 0.050338 0.108321
1 0.207094 0.408473 0.014949 0.008081
1 0.255103 0.967496 0.158565 0.056052