0 0.402642 0.805788 0.007255 0.034663
0 0.457925 0.908300 0.010754 0.040000
0 0.412576 0.806009 0.006596 0.032578
0 0.466250 0.890151 0.009037 0.026554
0 0.087994 0.763894 0.003474 0.014502
0 0.065627 0.763304 0.002437 0.006752
1 0.210216 0.312832 0.045781 0.105912
1 0.417791 0.227704 0.006379 0.010695
1 0.588734 0.872724 0.027313 0.032279
1 0.007193 0.278057 0.007978 0.017688
1 0.597982 0.919612 0.008811 0.021800
1 0.592459 0.890774 0.019857 0.039218
1 0.007299 0.284101 0.007896 0.006812
1 0.324555 0.968913 0.020101 0.025608