0 0.581393 0.665134 0.005619 0.027370
0 0.453204 0.888439 0.005122 0.024679
0 0.544271 0.686764 0.007031 0.027421
0 0.399118 0.900731 0.007477 0.034690
0 0.251748 0.727390 0.004045 0.011092
0 0.185895 0.912539 0.009616 0.020276
0 0.406086 0.899883 0.006199 0.021841
0 0.561136 0.731406 0.007385 0.015288
0 0.495373 0.657035 0.004281 0.014856
0 0.504509 0.671761 0.005422 0.019712
0 0.578440 0.947916 0.008292 0.018421
0 0.816555 0.957541 0.006757 0.030809
0 0.178599 0.905614 0.006594 0.016378
0 0.646524 0.702128 0.005372 0.008156
0 0.176307 0.914446 0.010459 0.017770
0 0.721376 0.629245 0.004017 0.016233
1 0.211103 0.313008 0.046937 0.105884
1 0.837675 0.309181 0.064890 0.035982