0 0.439592 0.776802 0.006278 0.032511
0 0.453487 0.780927 0.006833 0.030056
0 0.691670 0.609373 0.004782 0.024667
0 0.465562 0.716824 0.006411 0.023265
0 0.392468 0.849123 0.007327 0.033972
0 0.581461 0.820673 0.005032 0.029335
0 0.292289 0.855697 0.007180 0.032701
0 0.794319 0.794751 0.005801 0.028977
0 0.757648 0.739625 0.005837 0.024004
0 0.331686 0.880945 0.005731 0.013562
0 0.797541 0.589296 0.004296 0.006108
0 0.733376 0.536404 0.002494 0.008292
0 0.323617 0.929094 0.007130 0.034885
0 0.932225 0.759271 0.007398 0.036031
0 0.678100 0.909317 0.006582 0.012642
0 0.830077 0.586462 0.005469 0.010999
0 0.348487 0.701698 0.008876 0.010955
0 0.897210 0.661666 0.005052 0.016657
0 0.800241 0.589274 0.004548 0.006166
0 0.289829 0.858244 0.005422 0.027686
0 0.820570 0.586756 0.004002 0.011228
0 0.727186 0.537833 0.003665 0.010696
1 0.203748 0.312507 0.052226 0.109237
1 0.532500 0.283576 0.024641 0.095405
1 0.203497 0.411632 0.014703 0.008522
1 0.540251 0.321334 0.009223 0.020457