0 0.348649 0.859761 0.008279 0.035586
0 0.240921 0.732540 0.005318 0.019682
0 0.359236 0.866979 0.009657 0.019681
0 0.605165 0.835982 0.007795 0.037785
0 0.501876 0.887086 0.008143 0.022462
0 0.232405 0.720255 0.003794 0.006735
0 0.596711 0.830145 0.004810 0.018572
0 0.596898 0.838418 0.005221 0.036479
0 0.684591 0.928240 0.008628 0.020833
0 0.517162 0.561227 0.044653 0.062257
0 0.601603 0.837301 0.004325 0.036144
0 0.675519 0.530565 0.005724 0.015572
0 0.232422 0.723033 0.004289 0.012334
0 0.680529 0.529580 0.003493 0.013852
1 0.098645 0.328106 0.049517 0.108326
1 0.665242 0.416210 0.130864 0.323265
1 0.660875 0.526569 0.122870 0.101835
1 0.291264 0.977677 0.086675 0.044160
1 0.589318 0.879181 0.026121 0.046235
1 0.718781 0.539143 0.025763 0.046652