0 0.133916 0.708751 0.011333 0.028688
0 0.587672 0.843724 0.007280 0.035427
0 0.587121 0.678245 0.006374 0.026809
0 0.666791 0.922723 0.009377 0.032644
0 0.190107 0.979630 0.017225 0.039934
0 0.805414 0.533911 0.004844 0.019726
0 0.524936 0.958325 0.006743 0.025935
0 0.653119 0.895554 0.009951 0.022875
0 0.673153 0.910780 0.008976 0.021750
1 0.134819 0.326999 0.023473 0.114910
1 0.589164 0.878495 0.026476 0.043911
1 0.285994 0.977928 0.096956 0.044144
1 0.603356 0.333255 0.018059 0.007177
1 0.542059 0.915588 0.012894 0.076105
1 0.199387 0.415012 0.015508 0.009950
2 0.136104 0.722148 0.024404 0.011249