0 0.437981 0.712927 0.007742 0.026196
0 0.395081 0.773661 0.007566 0.031038
0 0.101050 0.857637 0.005838 0.021174
0 0.428851 0.715435 0.005609 0.021756
0 0.152790 0.768324 0.006219 0.013725
0 0.115278 0.855907 0.008168 0.031972
0 0.804181 0.618269 0.005648 0.026164
0 0.290640 0.860792 0.009510 0.020614
0 0.178370 0.903328 0.010277 0.020288
0 0.617337 0.802635 0.005136 0.032583
0 0.623862 0.800999 0.004808 0.019584
0 0.139383 0.761710 0.003777 0.010283
0 0.802523 0.535824 0.003381 0.017602
0 0.917478 0.647428 0.004081 0.022368
0 0.923581 0.644759 0.005427 0.019622
0 0.731394 0.862395 0.007769 0.018728
0 0.794598 0.537498 0.004417 0.019236
0 0.930848 0.760780 0.007398 0.032599
0 0.800805 0.589148 0.005485 0.006513
0 0.667844 0.912770 0.005508 0.020809
0 0.682203 0.930555 0.008402 0.017796
0 0.112214 0.855675 0.004624 0.032544
1 0.216713 0.308879 0.047044 0.104131
1 0.175886 0.917992 0.021600 0.021734