0 0.053302 0.870637 0.009573 0.029457
0 0.464562 0.923002 0.011230 0.022079
0 0.719810 0.914217 0.006218 0.030064
0 0.387127 0.771146 0.005296 0.027154
0 0.668058 0.933683 0.009912 0.038127
0 0.391747 0.773573 0.005616 0.026429
0 0.684534 0.800430 0.007400 0.029962
0 0.035928 0.853828 0.006732 0.033996
0 0.092730 0.789649 0.005812 0.023888
0 0.775702 0.948505 0.007775 0.021398
0 0.833544 0.695873 0.005466 0.025123
0 0.758880 0.875618 0.005179 0.014843
0 0.280984 0.860427 0.008509 0.031888
0 0.106562 0.764208 0.005470 0.013510
0 0.365037 0.847571 0.007332 0.016041
0 0.178260 0.772771 0.004244 0.010272
0 0.175168 0.912181 0.007845 0.021398
0 0.833496 0.568568 0.005556 0.013790
0 0.281771 0.854300 0.006082 0.019496
0 0.721273 0.629055 0.005195 0.014571
0 0.291700 0.864429 0.010373 0.026300
1 0.212510 0.311349 0.047417 0.104918
1 0.281286 0.976265 0.106471 0.047038