0 0.454083 0.724393 0.006510 0.025879
0 0.683088 0.946419 0.007306 0.033893
0 0.322999 0.927816 0.009660 0.045528
0 0.284866 0.868667 0.008106 0.020771
0 0.360529 0.844714 0.008443 0.017565
0 0.808317 0.826837 0.005738 0.018755
0 0.604179 0.738914 0.005708 0.013688
0 0.294779 0.866398 0.011459 0.024955
0 0.850992 0.739332 0.005843 0.015268
1 0.365899 0.862300 0.036052 0.024174
1 0.210768 0.311855 0.046828 0.107575
1 0.315782 0.317290 0.037553 0.024434
1 0.316420 0.285896 0.038583 0.087770
1 0.210862 0.348373 0.046701 0.033209
2 0.509421 0.586359 0.016988 0.012066