0 0.581165 0.953575 0.009191 0.034339
0 0.558903 0.682280 0.004972 0.026898
0 0.554531 0.682886 0.004951 0.025595
0 0.757489 0.577299 0.004375 0.022827
0 0.754093 0.576879 0.004087 0.024036
0 0.425736 0.893254 0.012926 0.051852
0 0.987547 0.988144 0.013525 0.023349
0 0.363557 0.847608 0.012991 0.025094
0 0.184680 0.914555 0.007935 0.021114
0 0.645640 0.707447 0.006424 0.018702
1 0.213929 0.312342 0.048079 0.105291
1 0.027637 0.315649 0.018762 0.059127
1 0.291628 0.977175 0.085774 0.044945
1 0.214196 0.349703 0.047611 0.029413
1 0.588622 0.871014 0.027496 0.034670