0 0.717431 0.600999 0.004958 0.026419
0 0.892429 0.527254 0.004242 0.019535
0 0.940986 0.537796 0.004802 0.023106
0 0.928772 0.531667 0.004354 0.027171
0 0.917046 0.527082 0.004684 0.021184
0 0.727157 0.607803 0.010787 0.016963
0 0.949348 0.541643 0.005956 0.032482
0 0.908462 0.530467 0.003723 0.021478
0 0.912613 0.529944 0.005332 0.021862
0 0.737536 0.737376 0.005048 0.018722
0 0.956898 0.543435 0.004860 0.027008
0 0.424920 0.856492 0.006463 0.025650
0 0.944830 0.532808 0.004267 0.026401
0 0.937723 0.534730 0.003473 0.020986
0 0.953559 0.541978 0.004816 0.027603
0 0.923620 0.537493 0.004776 0.022124
0 0.963060 0.540184 0.004367 0.022118
0 0.730466 0.607227 0.004479 0.016809
0 0.933538 0.531703 0.004104 0.024507
1 0.084516 0.331128 0.045401 0.111577
1 0.290709 0.977105 0.087612 0.044486
1 0.589154 0.878219 0.026438 0.044820
1 0.030406 0.747122 0.060472 0.493160