0 0.621262 0.712315 0.005205 0.025570
0 0.557605 0.740967 0.006541 0.032837
0 0.272161 0.725751 0.004983 0.015367
0 0.824626 0.577797 0.010856 0.028320
0 0.378608 0.915860 0.012703 0.034706
0 0.985296 0.990364 0.012071 0.018851
0 0.407322 0.906793 0.006290 0.030055
0 0.254831 0.717825 0.008306 0.010479
0 0.656472 0.919813 0.006756 0.019551
0 0.916785 0.509180 0.003891 0.016219
0 0.797269 0.838759 0.005282 0.016154
0 0.918524 0.509469 0.003056 0.016485
0 0.927937 0.510649 0.004287 0.013817
0 0.676204 0.925588 0.004888 0.013226
1 0.212249 0.311036 0.046890 0.106081
1 0.597482 0.292527 0.053057 0.110642
1 0.586767 0.333114 0.031340 0.029756