0 0.476665 0.680746 0.005990 0.011491
0 0.510085 0.851011 0.006499 0.019644
0 0.517831 0.846115 0.005710 0.028500
0 0.357669 0.708503 0.004832 0.013293
0 0.660127 0.609211 0.005318 0.020960
0 0.800846 0.585801 0.005019 0.013043
0 0.707302 0.918814 0.006895 0.021783
0 0.295534 0.866276 0.009808 0.024673
0 0.669706 0.955054 0.009524 0.029991
0 0.816280 0.961471 0.005522 0.022270
0 0.678567 0.949824 0.006688 0.030297
0 0.962973 0.713446 0.002546 0.024046
0 0.508705 0.787383 0.005962 0.010788
1 0.218830 0.310725 0.048832 0.108011
1 0.365813 0.860249 0.033860 0.026998
1 0.218496 0.346125 0.048556 0.035917
2 0.508315 0.586413 0.020162 0.011941