0 0.567107 0.965391 0.008261 0.026422
0 0.458709 0.874838 0.008070 0.041608
0 0.519840 0.848198 0.005260 0.023551
0 0.469480 0.919827 0.008239 0.021013
0 0.291199 0.864831 0.010090 0.017217
0 0.212748 0.732276 0.003109 0.009536
0 0.418890 0.807416 0.007476 0.015677
0 0.755932 0.736786 0.004907 0.026426
0 0.502105 0.852239 0.007023 0.024424
0 0.293705 0.862338 0.005277 0.012309
0 0.551204 0.756051 0.008228 0.018250
1 0.209382 0.308955 0.046611 0.103897
1 0.289117 0.872488 0.029143 0.017785
1 0.796162 0.581672 0.022195 0.021345
1 0.588813 0.878118 0.027142 0.049930