0 0.464701 0.911973 0.008001 0.042045
0 0.706801 0.589661 0.004697 0.023420
0 0.472049 0.906583 0.006165 0.039944
0 0.749255 0.629079 0.004250 0.026916
0 0.579815 0.821729 0.005280 0.024588
0 0.555276 0.639408 0.004860 0.012350
0 0.805973 0.590035 0.003711 0.004677
0 0.295015 0.867162 0.010366 0.025551
0 0.874302 0.801811 0.005400 0.032126
0 0.286255 0.869759 0.007528 0.020346
0 0.187097 0.913694 0.013061 0.021654
1 0.213012 0.311106 0.046822 0.105807
1 0.385646 0.328958 0.061055 0.152126
1 0.314364 0.977236 0.040366 0.042722