0 0.381129 0.748043 0.006782 0.030771
0 0.237962 0.754723 0.007031 0.020508
0 0.355109 0.756496 0.005875 0.026560
0 0.348358 0.757474 0.005836 0.025917
0 0.214417 0.746780 0.006615 0.017205
0 0.125912 0.772180 0.005283 0.012212
0 0.945024 0.471732 0.003750 0.015814
0 0.573120 0.908859 0.006146 0.028005
0 0.290363 0.860467 0.010993 0.024341
0 0.092504 0.701215 0.008987 0.013127
0 0.524534 0.555792 0.053658 0.073025
0 0.124936 0.775908 0.006552 0.019232
0 0.064880 0.759685 0.002983 0.009212
0 0.800827 0.589252 0.006186 0.006224
0 0.825012 0.585603 0.007186 0.013540
0 0.754021 0.796078 0.008238 0.041531
0 0.261726 0.720383 0.007917 0.006437
1 0.218307 0.308807 0.047304 0.103910
1 0.263634 0.968162 0.141860 0.057735
1 0.205447 0.406616 0.015199 0.008662