0 0.276601 0.852007 0.006800 0.037978
0 0.457846 0.908802 0.007944 0.040985
0 0.295263 0.850691 0.013127 0.028509
0 0.452510 0.916589 0.006880 0.039725
0 0.555443 0.644088 0.004472 0.014988
0 0.127414 0.925189 0.006827 0.020012
0 0.686245 0.930899 0.009219 0.016182
0 0.798061 0.588665 0.005101 0.007372
0 0.993940 0.991838 0.009840 0.015923
0 0.618910 0.800555 0.006142 0.021947
0 0.080395 0.992636 0.008222 0.014728
0 0.637886 0.790588 0.005887 0.022241
0 0.418453 0.808134 0.006675 0.016270
0 0.573773 0.631962 0.003838 0.011343
0 0.807216 0.812577 0.004679 0.014709
1 0.212449 0.310221 0.048907 0.103502
1 0.254478 0.967284 0.159943 0.057135
1 0.206878 0.407070 0.015294 0.007500