0 0.372252 0.929415 0.009656 0.041760
0 0.527670 0.986558 0.013362 0.026195
0 0.497286 0.712938 0.005619 0.027183
0 0.503713 0.710650 0.006453 0.031246
0 0.865444 0.662251 0.005382 0.022061
0 0.600862 0.734148 0.004573 0.027195
0 0.348705 0.835970 0.008514 0.036855
0 0.238991 0.980875 0.009625 0.036217
0 0.718895 0.968196 0.006216 0.031014
0 0.358323 0.830232 0.007439 0.023209
0 0.838758 0.663747 0.005993 0.026895
0 0.877177 0.653828 0.005254 0.024494
0 0.748066 0.737145 0.007127 0.031376
0 0.179475 0.982754 0.010126 0.032849
0 0.341552 0.835482 0.005387 0.021329
0 0.368713 0.824664 0.005926 0.017236
0 0.669176 0.913127 0.008870 0.021330
0 0.753725 0.740563 0.004758 0.023067
0 0.752055 0.923166 0.005946 0.014565
0 0.836286 0.784350 0.007472 0.035439
1 0.209025 0.309243 0.043320 0.104576
1 0.202111 0.405423 0.013948 0.007058