0 0.201434 0.799586 0.006752 0.031630
0 0.347578 0.926104 0.005946 0.031264
0 0.754471 0.796136 0.008733 0.043541
0 0.115449 0.772539 0.004395 0.010848
0 0.119614 0.766803 0.003780 0.011165
0 0.473766 0.909904 0.009546 0.030285
0 0.355949 0.918310 0.006626 0.036209
0 0.176783 0.904520 0.012323 0.022058
0 0.492368 0.893118 0.007931 0.014780
0 0.418918 0.808309 0.007406 0.017570
0 0.291303 0.862707 0.008787 0.019293
0 0.682812 0.911123 0.006966 0.016759
0 0.801601 0.589119 0.004427 0.006520
0 0.816301 0.809683 0.005138 0.018528
1 0.220534 0.307165 0.049171 0.104912
1 0.264622 0.968323 0.139803 0.058462
1 0.292720 0.977625 0.083900 0.043611
2 0.175842 0.917432 0.022039 0.019251