0 0.553185 0.973804 0.008660 0.046804
0 0.561165 0.966742 0.008734 0.046887
0 0.253049 0.959837 0.007138 0.040709
0 0.805422 0.589436 0.004311 0.005889
0 0.505514 0.784174 0.006143 0.019477
0 0.234438 0.969535 0.009050 0.044292
0 0.816878 0.523398 0.003664 0.020299
0 0.823967 0.520517 0.004246 0.018676
0 0.497081 0.788008 0.006121 0.019560
0 0.798503 0.589242 0.005615 0.006341
0 0.671827 0.943535 0.007730 0.021504
0 0.490530 0.788017 0.007112 0.019005
0 0.815074 0.831378 0.007171 0.015599
0 0.806112 0.594062 0.005463 0.015124
0 0.277864 0.961554 0.007329 0.034504
0 0.479299 0.666291 0.004915 0.008701
1 0.213325 0.308535 0.045452 0.103120
1 0.205541 0.405841 0.014769 0.008113
1 0.946254 0.536036 0.022534 0.016188
1 0.795804 0.581701 0.018686 0.021311
2 0.565461 0.668342 0.011996 0.014096