0 0.419204 0.806657 0.007782 0.035712
0 0.409776 0.806382 0.007060 0.035749
0 0.173618 0.878498 0.006675 0.029435
0 0.202160 0.871606 0.006229 0.027584
0 0.300814 0.928611 0.007407 0.026739
0 0.316033 0.930610 0.007036 0.034890
0 0.229119 0.900759 0.007935 0.020094
0 0.219400 0.902426 0.009035 0.021394
0 0.203454 0.874416 0.010507 0.033883
1 0.209321 0.311722 0.045440 0.103928
1 0.228706 0.244685 0.007295 0.014473
1 0.171200 0.262788 0.011027 0.022437
1 0.181270 0.248706 0.006346 0.014013
1 0.283974 0.978281 0.101171 0.043387