0 0.355823 0.929363 0.008023 0.032060
0 0.694029 0.600333 0.006439 0.033296
0 0.806874 0.532078 0.004530 0.020480
0 0.377152 0.918289 0.009782 0.036688
0 0.114473 0.935615 0.010350 0.027149
0 0.959355 0.771468 0.012181 0.024233
0 0.129273 0.930760 0.014738 0.030880
0 0.676999 0.917942 0.007981 0.021903
0 0.296511 0.868248 0.010804 0.019106
0 0.829162 0.581432 0.007412 0.017640
0 0.366531 0.825320 0.010178 0.021489
0 0.689439 0.773256 0.005477 0.021893
0 0.760484 0.739299 0.004875 0.020186
0 0.597782 0.742988 0.015078 0.018000
1 0.206178 0.309795 0.045628 0.103602
1 0.292390 0.977379 0.084309 0.044259
1 0.400290 0.813049 0.009931 0.013887
1 0.315105 0.977514 0.038942 0.043670
1 0.413341 0.807728 0.011691 0.016574