0 0.103285 0.924421 0.008003 0.034685
0 0.653056 0.678315 0.006051 0.029021
0 0.130605 0.929726 0.009759 0.018867
0 0.646408 0.623061 0.004011 0.021939
0 0.367980 0.837405 0.008539 0.031946
0 0.639453 0.622670 0.005479 0.028793
0 0.941212 0.509790 0.003344 0.013352
0 0.183100 0.912506 0.006452 0.023018
0 0.871553 0.676943 0.007274 0.028842
0 0.805308 0.589414 0.004179 0.005924
0 0.797809 0.589199 0.004545 0.006333
0 0.295564 0.863242 0.006288 0.022797
0 0.418149 0.748238 0.007154 0.027793
0 0.175559 0.914568 0.007946 0.018385
0 0.188063 0.916330 0.009704 0.017383
0 0.017153 0.970972 0.011806 0.026320
0 0.804910 0.593917 0.004922 0.014719
0 0.708545 0.898970 0.006595 0.014232
0 0.417273 0.742020 0.005456 0.015171
0 0.347531 0.857511 0.012033 0.014299
0 0.402057 0.745717 0.006605 0.028535
0 0.762728 0.521715 0.002488 0.008134
0 0.745076 0.879982 0.005691 0.019173
0 0.004996 0.968533 0.009979 0.028573
0 0.489199 0.783819 0.004954 0.008588
1 0.210452 0.311072 0.047445 0.105928
1 0.204962 0.408777 0.016767 0.007656
1 0.296763 0.977845 0.075583 0.042655