0 0.270111 0.816152 0.009403 0.034049
0 0.151843 0.802203 0.009961 0.019052
0 0.181656 0.796960 0.015088 0.019059
0 0.106184 0.796928 0.006077 0.027699
0 0.100893 0.791067 0.005629 0.022655
0 0.296291 0.859310 0.007629 0.034590
0 0.283788 0.859595 0.006557 0.037252
0 0.774179 0.950764 0.007655 0.019455
0 0.179263 0.907397 0.006732 0.019326
0 0.365189 0.848147 0.007533 0.018238
0 0.176358 0.765385 0.005623 0.012707
0 0.645819 0.707565 0.006995 0.018180
0 0.703207 0.920473 0.006790 0.015213
0 0.642270 0.867698 0.005499 0.022774
1 0.211174 0.312050 0.046567 0.105720
1 0.291282 0.976391 0.086571 0.046338
1 0.707551 0.694071 0.020066 0.015043
2 0.146711 0.808649 0.021545 0.008002