0 0.584762 0.680905 0.004634 0.025749
0 0.547959 0.982905 0.009879 0.033652
0 0.405240 0.821250 0.006555 0.030065
0 0.392728 0.827862 0.007167 0.032804
0 0.674260 0.922642 0.008456 0.021439
0 0.560968 0.971078 0.007877 0.031780
0 0.361418 0.828246 0.019025 0.025474
0 0.608305 0.662388 0.007638 0.025541
0 0.696616 0.589404 0.005000 0.005951
0 0.695700 0.599241 0.004486 0.024872
0 0.922256 0.756104 0.007309 0.033723
0 0.787044 0.564312 0.005009 0.019800
0 0.699911 0.597563 0.005262 0.021341
0 0.072244 0.822114 0.005960 0.023646
0 0.356252 0.863167 0.006643 0.009393
0 0.718114 0.754948 0.007536 0.029090
0 0.731565 0.589630 0.003795 0.005513
0 0.333027 0.871583 0.003189 0.021128
1 0.203984 0.308715 0.047813 0.101816
1 0.201257 0.405658 0.014772 0.007732