0 0.557110 0.672728 0.005060 0.027174
0 0.334689 0.938107 0.009867 0.037947
0 0.409755 0.851357 0.006639 0.024891
0 0.327823 0.930541 0.007892 0.044868
0 0.887689 0.504619 0.004046 0.017969
0 0.697021 0.764303 0.007034 0.029604
0 0.560439 0.674571 0.004931 0.027070
0 0.886790 0.504345 0.007659 0.019725
0 0.795100 0.835138 0.005445 0.015003
0 0.805992 0.825865 0.004000 0.011440
0 0.332424 0.937833 0.004356 0.037384
0 0.572315 0.959573 0.006806 0.030793
1 0.208455 0.309866 0.048147 0.105399
1 0.620888 0.290577 0.048385 0.107560
1 0.202854 0.407908 0.014505 0.008157