0 0.589256 0.696846 0.006101 0.028594
0 0.611533 0.621668 0.005099 0.018079
0 0.804871 0.626990 0.006743 0.025409
0 0.695370 0.924349 0.007412 0.017581
0 0.765633 0.635268 0.006306 0.020785
0 0.367566 0.825298 0.008249 0.020729
0 0.665065 0.919033 0.008916 0.022203
0 0.773151 0.855315 0.005648 0.021400
0 0.336508 0.864177 0.007306 0.017675
0 0.355844 0.862759 0.005224 0.009653
0 0.809378 0.633623 0.003541 0.013242
0 0.333431 0.870392 0.002346 0.025418
0 0.359603 0.829742 0.008937 0.021022
0 0.671480 0.920117 0.005832 0.019508
1 0.207687 0.308714 0.046088 0.102004
1 0.202062 0.405280 0.014378 0.006610
1 0.292057 0.978054 0.084862 0.043497
1 0.207791 0.345406 0.046168 0.028707
2 0.620941 0.630816 0.026728 0.007401