0 0.090115 0.842874 0.007370 0.031610
0 0.472013 0.763401 0.006516 0.033665
0 0.438145 0.815070 0.006399 0.026745
0 0.221264 0.726737 0.004564 0.011373
0 0.590506 0.750143 0.006479 0.024299
0 0.497087 0.885820 0.008949 0.027389
0 0.685092 0.930967 0.008688 0.017919
0 0.575083 0.747654 0.005786 0.024792
0 0.573881 0.931714 0.006570 0.038990
0 0.588882 0.933810 0.005819 0.020640
0 0.408788 0.907904 0.011202 0.038673
0 0.685778 0.767179 0.006248 0.023918
0 0.301129 0.825626 0.010784 0.016797
0 0.293710 0.853059 0.010267 0.023434
0 0.584437 0.904706 0.006587 0.034009
0 0.669871 0.782496 0.007666 0.024982
0 0.284679 0.855466 0.011211 0.021234
0 0.764343 0.539254 0.003173 0.009559
0 0.291334 0.829307 0.010741 0.013046
1 0.213843 0.308454 0.048299 0.103882
1 0.202729 0.404195 0.015178 0.006510
1 0.314792 0.977648 0.039559 0.043347