0 0.198832 0.982049 0.011120 0.035083
0 0.077918 0.834818 0.007064 0.041808
0 0.746024 0.737165 0.006845 0.028901
0 0.414455 0.798817 0.006922 0.028793
0 0.081985 0.834704 0.015055 0.042138
0 0.400537 0.803705 0.007631 0.027730
0 0.127163 0.925799 0.012320 0.020446
0 0.295558 0.861012 0.005577 0.014511
0 0.721838 0.888709 0.006526 0.017830
0 0.009830 0.947519 0.009724 0.017881
0 0.712461 0.670862 0.006033 0.018324
0 0.295450 0.868117 0.010888 0.027711
0 0.548463 0.655809 0.003204 0.009168
1 0.208432 0.312829 0.049276 0.108232
1 0.131322 0.294381 0.013216 0.058615
1 0.131142 0.314540 0.013069 0.017981
1 0.314560 0.977769 0.040016 0.042820
1 0.206667 0.409412 0.015172 0.007405