0 0.721360 0.828983 0.007021 0.038115
0 0.475066 0.777830 0.006577 0.029766
0 0.855461 0.705670 0.007742 0.027662
0 0.479083 0.772781 0.005745 0.031738
0 0.176997 0.910047 0.019846 0.033586
0 0.714380 0.887619 0.006359 0.016603
0 0.822622 0.776834 0.005345 0.026826
0 0.135929 0.766190 0.005422 0.014246
0 0.170666 0.914191 0.009298 0.017236
0 0.143566 0.763712 0.002948 0.012915
0 0.801389 0.588830 0.005478 0.007099
0 0.290753 0.862677 0.010640 0.018129
0 0.290647 0.857112 0.005774 0.009360
1 0.209700 0.310445 0.048953 0.105002
1 0.314669 0.977810 0.039740 0.044380
1 0.699943 0.889689 0.009627 0.016734
1 0.290804 0.977614 0.087298 0.044647