0 0.417741 0.745885 0.006875 0.031260
0 0.374982 0.803560 0.006033 0.032069
0 0.315722 0.770441 0.007031 0.028165
0 0.409628 0.746617 0.005392 0.029790
0 0.809457 0.529743 0.006318 0.020888
0 0.679053 0.629306 0.004952 0.024354
0 0.428992 0.877364 0.010007 0.042960
0 0.683160 0.627241 0.004103 0.023233
0 0.436554 0.884344 0.006518 0.028927
0 0.018146 0.965545 0.008720 0.017848
0 0.005166 0.969193 0.006453 0.013998
0 0.090238 0.993978 0.006142 0.011106
0 0.372797 0.821177 0.008237 0.012745
1 0.197146 0.313718 0.050868 0.107435
1 0.254605 0.282565 0.035523 0.073962
1 0.004320 0.288627 0.007424 0.023674
1 0.291558 0.978099 0.086188 0.043409
1 0.261511 0.966483 0.145913 0.058556