0 0.433892 0.723753 0.009165 0.030321
0 0.674290 0.935906 0.007524 0.034548
0 0.693159 0.922674 0.008627 0.043639
0 0.455181 0.693816 0.006345 0.026943
0 0.656014 0.927937 0.006871 0.033751
0 0.684077 0.936856 0.005776 0.025071
0 0.513895 0.655153 0.006281 0.010532
0 0.645068 0.707704 0.008861 0.017557
0 0.475942 0.668339 0.004720 0.010988
0 0.464896 0.677009 0.005250 0.012993
0 0.364466 0.849477 0.008363 0.016293
0 0.300215 0.869610 0.005194 0.017579
1 0.209596 0.310637 0.046508 0.104352
1 0.283594 0.977113 0.101664 0.045505
2 0.442620 0.738531 0.027362 0.006900