0 0.805588 0.535958 0.005019 0.018977
0 0.541967 0.642657 0.003268 0.010334
0 0.419661 0.695921 0.006441 0.013179
0 0.800673 0.589872 0.004966 0.005020
0 0.829669 0.586899 0.005481 0.010973
0 0.827342 0.554567 0.002534 0.011743
0 0.988996 0.992820 0.016691 0.013964
0 0.418865 0.681707 0.004540 0.008724
0 0.560064 0.639675 0.004567 0.011445
0 0.688204 0.927582 0.007284 0.016131
0 0.645700 0.888508 0.005843 0.027919
1 0.214167 0.309212 0.048383 0.105719
1 0.256211 0.967235 0.156415 0.055921
1 0.204591 0.410834 0.014363 0.008535
2 0.510034 0.585619 0.016814 0.013542