0 0.319958 0.808292 0.005903 0.036178
0 0.695408 0.602302 0.004826 0.022839
0 0.223940 0.974394 0.009696 0.037044
0 0.239144 0.969890 0.009778 0.030756
0 0.363649 0.846455 0.014297 0.021146
0 0.284641 0.867099 0.008620 0.019513
0 0.292137 0.858262 0.007096 0.014539
0 0.987492 0.986929 0.014078 0.025695
0 0.711989 0.670542 0.006847 0.017964
0 0.359959 0.845259 0.007292 0.019051
0 0.179338 0.912573 0.007136 0.022670
0 0.187977 0.913469 0.012974 0.021521
0 0.926017 0.643593 0.005171 0.015207
0 0.876697 0.671467 0.004434 0.023403
1 0.214663 0.311432 0.047852 0.107827
1 0.405540 0.284144 0.036400 0.088417
1 0.214852 0.347215 0.047562 0.034609
1 0.405599 0.316202 0.036083 0.023916