0 0.316246 0.759886 0.007051 0.029893
0 0.646216 0.631191 0.004643 0.025422
0 0.932764 0.523679 0.004547 0.019081
0 0.700940 0.633312 0.005279 0.024866
0 0.594041 0.816587 0.007759 0.031993
0 0.331427 0.711228 0.005394 0.014793
0 0.828249 0.809919 0.007695 0.026710
0 0.296683 0.866243 0.026020 0.031919
0 0.775612 0.592731 0.006379 0.023126
0 0.710769 0.587151 0.005410 0.010451
0 0.352119 0.858523 0.009509 0.017320
0 0.337968 0.875049 0.008120 0.022971
0 0.218706 0.740824 0.005719 0.011877
0 0.710440 0.596278 0.005063 0.022496
0 0.822481 0.705870 0.005854 0.021920
0 0.586702 0.819827 0.007255 0.033474
0 0.805836 0.847489 0.005725 0.017110
0 0.815185 0.847797 0.005367 0.011730
0 0.775573 0.788201 0.007016 0.031271
1 0.211133 0.309093 0.046997 0.104078
1 0.142295 0.307962 0.039689 0.093007
1 0.142285 0.342591 0.039490 0.022922
1 0.203521 0.406875 0.015151 0.009358
2 0.942319 0.536961 0.019632 0.008754