0 0.322612 0.929515 0.014869 0.038222
0 0.579885 0.953137 0.009502 0.034508
0 0.371730 0.938736 0.008737 0.026073
0 0.448426 0.916851 0.010691 0.023106
0 0.027654 0.843414 0.008013 0.030976
0 0.597517 0.850606 0.007213 0.016843
0 0.226167 0.982559 0.007670 0.033470
0 0.891670 0.663926 0.004733 0.021397
0 0.673517 0.925931 0.007019 0.012257
0 0.590875 0.818520 0.005760 0.024364
0 0.657821 0.789672 0.007216 0.021197
1 0.103658 0.328923 0.043075 0.113110
1 0.141892 0.332367 0.059411 0.139193
1 0.291962 0.977555 0.085141 0.044890
1 0.314533 0.977543 0.039857 0.044386