0 0.334661 0.718503 0.007147 0.015406
0 0.332709 0.719505 0.003765 0.017219
0 0.324068 0.720172 0.006408 0.019108
0 0.308108 0.805060 0.010155 0.040155
0 0.644906 0.707108 0.008232 0.017076
0 0.554888 0.724302 0.005588 0.024669
0 0.182322 0.757856 0.006779 0.011635
0 0.299087 0.865507 0.015904 0.023598
0 0.676042 0.555740 0.003637 0.010327
0 0.286382 0.868418 0.011984 0.025140
0 0.832662 0.568613 0.008622 0.014343
0 0.007518 0.943675 0.013403 0.028983
0 0.672953 0.570595 0.004696 0.010394
0 0.185709 0.912668 0.010505 0.021817
1 0.214944 0.310373 0.050260 0.106668
1 0.203485 0.310200 0.016185 0.013359
1 0.203265 0.285150 0.015558 0.064170
1 0.215511 0.348090 0.049375 0.030297