0 0.458249 0.904100 0.008753 0.040741
0 0.469781 0.897332 0.007638 0.037022
0 0.373132 0.922462 0.011943 0.034990
0 0.648335 0.635271 0.006472 0.025662
0 0.543688 0.986515 0.010591 0.025808
0 0.344531 0.700095 0.007412 0.015926
0 0.365282 0.697685 0.005350 0.007422
0 0.932785 0.484676 0.003317 0.016424
0 0.198058 0.757018 0.004960 0.007067
0 0.937742 0.483377 0.003592 0.016164
0 0.927129 0.484505 0.004295 0.014510
0 0.820758 0.586851 0.004797 0.011044
0 0.732807 0.746750 0.005886 0.032454
0 0.828552 0.585825 0.004249 0.012771
0 0.800738 0.513787 0.003590 0.014632
0 0.823512 0.586848 0.006006 0.011090
0 0.689107 0.909377 0.005001 0.012899
1 0.210182 0.311942 0.047885 0.107804
1 0.818595 0.470583 0.027877 0.035425