0 0.799788 0.549756 0.005333 0.022006
0 0.390600 0.947170 0.010136 0.028139
0 0.743129 0.564225 0.003681 0.019712
0 0.754624 0.562633 0.004711 0.020246
0 0.793301 0.557068 0.003625 0.012274
0 0.229528 0.892743 0.006082 0.009364
0 0.704593 0.888751 0.005299 0.010952
0 0.645792 0.662167 0.005817 0.026281
0 0.636956 0.660518 0.006691 0.026666
0 0.524376 0.960082 0.007821 0.023869
0 0.716868 0.914195 0.010647 0.025264
0 0.687665 0.885910 0.006252 0.015259
0 0.894843 0.661877 0.004784 0.019834
1 0.111566 0.328420 0.042592 0.111733
1 0.286383 0.977412 0.096138 0.044231