0 0.283548 0.834467 0.006152 0.031417
0 0.425044 0.742413 0.003703 0.016707
0 0.430875 0.735742 0.004673 0.028142
0 0.279722 0.771140 0.010040 0.020438
0 0.272354 0.774539 0.014413 0.019883
0 0.908658 0.514677 0.003982 0.017938
0 0.742806 0.654386 0.007472 0.028905
0 0.365213 0.850075 0.007527 0.019792
0 0.271013 0.774769 0.006461 0.016341
0 0.175054 0.915244 0.009154 0.023556
0 0.725370 0.891156 0.007458 0.018188
0 0.976002 0.559542 0.006938 0.011533
0 0.185211 0.913914 0.010448 0.023123
1 0.212867 0.310603 0.047214 0.104396
1 0.281265 0.976043 0.106372 0.047315
1 0.588669 0.878007 0.027424 0.049128
2 0.442021 0.749490 0.020380 0.004449
2 0.285334 0.779608 0.012545 0.009602