0 0.240904 0.741701 0.007025 0.015856
0 0.346854 0.768521 0.005634 0.029699
0 0.573427 0.650024 0.005513 0.024737
0 0.291720 0.716348 0.004005 0.010282
0 0.596440 0.817451 0.007821 0.029741
0 0.458960 0.675510 0.004402 0.011138
0 0.269877 0.714598 0.004432 0.011006
0 0.812759 0.520514 0.003560 0.017515
0 0.462437 0.674108 0.004249 0.012042
0 0.109213 0.748766 0.006467 0.011328
0 0.093304 0.751918 0.003547 0.008765
0 0.186795 0.914678 0.009643 0.017912
0 0.498871 0.788637 0.006941 0.017225
0 0.805264 0.594895 0.003542 0.015326
0 0.297389 0.683907 0.003903 0.008866
0 0.289666 0.685762 0.003675 0.009325
0 0.768022 0.520652 0.003531 0.010076
1 0.210221 0.312696 0.047437 0.108027
1 0.206205 0.410833 0.016035 0.008597
1 0.561529 0.647312 0.013676 0.011747