0 0.236369 0.987766 0.009027 0.023209
0 0.850477 0.670045 0.005733 0.024625
0 0.511253 0.729178 0.006932 0.028205
0 0.842970 0.667170 0.005711 0.025237
0 0.740457 0.588702 0.004546 0.020926
0 0.676590 0.915331 0.006022 0.016914
0 0.667720 0.919816 0.004727 0.012053
0 0.735972 0.597211 0.004151 0.015701
0 0.659201 0.909666 0.006068 0.032463
1 0.088193 0.329664 0.049724 0.110891
1 0.823690 0.331291 0.040615 0.176406
1 0.633091 0.392415 0.009914 0.019690
1 0.986053 0.435454 0.025760 0.049104
1 0.823733 0.405625 0.040541 0.028076
1 0.291361 0.977472 0.086147 0.045057
1 0.807365 0.404025 0.073133 0.031657