0 0.456958 0.905505 0.007192 0.036366
0 0.539593 0.985049 0.010913 0.028793
0 0.741018 0.767936 0.007775 0.040823
0 0.184803 0.914053 0.007344 0.021341
0 0.175685 0.914195 0.010080 0.018949
0 0.689909 0.587680 0.004608 0.018653
0 0.228192 0.726952 0.002734 0.009592
0 0.805660 0.595065 0.006042 0.015890
0 0.716417 0.670906 0.005584 0.014174
1 0.568152 0.313584 0.065763 0.138551
1 0.208307 0.310449 0.048148 0.104925
1 0.291434 0.977476 0.086283 0.043978
1 0.208453 0.344951 0.048021 0.034789
1 0.568225 0.365262 0.066152 0.034486
1 0.943687 0.519517 0.022063 0.012165