0 0.552336 0.744447 0.005737 0.031709
0 0.771163 0.562115 0.004864 0.018088
0 0.061453 0.814871 0.004777 0.023386
0 0.233493 0.726981 0.004376 0.011584
0 0.324638 0.874246 0.008731 0.023756
0 0.780262 0.560741 0.005288 0.018857
0 0.615298 0.803176 0.005916 0.024478
0 0.756236 0.541064 0.005086 0.018140
0 0.643542 0.787793 0.006305 0.025405
0 0.167489 0.975998 0.009727 0.036004
0 0.284994 0.855836 0.011079 0.018643
0 0.294281 0.851923 0.008581 0.022709
0 0.588881 0.741907 0.004980 0.022870
0 0.633827 0.789589 0.005925 0.026331
0 0.850250 0.547570 0.003674 0.017232
0 0.591850 0.740001 0.005746 0.019553
1 0.210800 0.308783 0.046071 0.103289
1 0.291566 0.977526 0.085946 0.044118
1 0.650459 0.986177 0.030649 0.026877