0 0.805956 0.555716 0.003850 0.018674
0 0.801518 0.553828 0.004851 0.022673
0 0.232908 0.975114 0.011854 0.040544
0 0.697370 0.967840 0.007203 0.022782
0 0.717556 0.974825 0.006885 0.013627
0 0.304377 0.866341 0.005808 0.023010
0 0.338496 0.868117 0.007505 0.011773
0 0.805905 0.827673 0.006072 0.014892
0 0.192904 0.978579 0.007226 0.025661
0 0.212702 0.974227 0.006438 0.027745
0 0.355388 0.861729 0.003801 0.008233
0 0.295146 0.867918 0.007344 0.016484
0 0.677897 0.914530 0.007062 0.017161
0 0.760842 0.634471 0.005061 0.019244
0 0.829161 0.584363 0.003340 0.011046
0 0.475303 0.907489 0.005786 0.026396
0 0.665889 0.908786 0.005987 0.022267
1 0.208593 0.309851 0.046390 0.103754
1 0.027789 0.324399 0.026908 0.088093
1 0.649185 0.982782 0.032359 0.032644
1 0.027748 0.357805 0.026915 0.021229
1 0.283519 0.977070 0.101861 0.045860
1 0.314421 0.977610 0.040326 0.043304
1 0.202437 0.405751 0.015433 0.007175