0 0.254699 0.784516 0.009504 0.033596
0 0.266743 0.778078 0.010030 0.039893
0 0.620239 0.735486 0.006839 0.025299
0 0.695136 0.598619 0.004828 0.031994
0 0.099996 0.933321 0.008100 0.031488
0 0.692446 0.923302 0.008342 0.025088
0 0.707412 0.919254 0.005898 0.021803
0 0.469435 0.863305 0.008070 0.031466
0 0.007450 0.942383 0.014812 0.032617
0 0.130310 0.929493 0.008090 0.016120
0 0.868651 0.677110 0.005798 0.025405
0 0.876185 0.677041 0.006005 0.016094
0 0.187706 0.913341 0.012503 0.022440
1 0.215071 0.312367 0.047572 0.109635
1 0.543863 0.312222 0.016521 0.063699
1 0.540263 0.291003 0.024054 0.107769
1 0.543879 0.331132 0.016627 0.026250