0 0.537244 0.751769 0.007379 0.034902
0 0.050996 0.800710 0.005769 0.024176
0 0.816639 0.960670 0.007973 0.023817
0 0.806422 0.960514 0.006104 0.024578
0 0.413731 0.796978 0.008583 0.025334
0 0.435569 0.888103 0.012268 0.036805
0 0.433642 0.937999 0.006804 0.022352
0 0.087797 0.758298 0.003892 0.009665
0 0.188016 0.915086 0.012236 0.019031
0 0.517064 0.660813 0.003821 0.010629
0 0.401330 0.806997 0.006648 0.024872
0 0.129055 0.929560 0.013776 0.017985
0 0.295781 0.865411 0.009266 0.024112
0 0.176569 0.914583 0.010561 0.020903
0 0.387786 0.900086 0.006233 0.025913
0 0.802017 0.958767 0.003637 0.017460
0 0.504292 0.783537 0.006356 0.017310
1 0.215922 0.309238 0.047968 0.114589
1 0.224391 0.294631 0.022410 0.018086
1 0.835661 0.309099 0.068948 0.034348
1 0.215892 0.350739 0.047509 0.031627
1 0.224461 0.275145 0.022552 0.057402
2 0.053522 0.813451 0.011310 0.006432