0 0.190843 0.893671 0.007622 0.038775
0 0.401250 0.805378 0.006306 0.032088
0 0.538988 0.758797 0.007401 0.022111
0 0.673478 0.942667 0.010190 0.027113
0 0.717915 0.547746 0.003334 0.009774
0 0.765135 0.539671 0.003495 0.017486
0 0.805003 0.589289 0.003423 0.006167
0 0.711291 0.545164 0.002711 0.007569
0 0.129925 0.928822 0.011680 0.024014
0 0.118250 0.940351 0.033081 0.019143
0 0.417411 0.809045 0.010388 0.019187
0 0.551055 0.756569 0.006477 0.018814
0 0.026931 0.963768 0.010851 0.027720
0 0.490515 0.786659 0.007322 0.015142
0 0.031133 0.959816 0.004894 0.021660
0 0.488950 0.784060 0.004506 0.008870
0 0.501595 0.785909 0.006190 0.015094
0 0.822641 0.766042 0.007760 0.027397
1 0.208558 0.309790 0.048382 0.104450
1 0.203444 0.407211 0.015473 0.008914
1 0.292406 0.978244 0.084134 0.043513