0 0.609260 0.671739 0.006318 0.025169
0 0.567087 0.675691 0.007105 0.029983
0 0.081415 0.750782 0.003576 0.011312
0 0.283898 0.783234 0.020594 0.037469
0 0.277859 0.781605 0.007881 0.035104
0 0.876864 0.673215 0.004777 0.018114
0 0.583797 0.948424 0.012952 0.025401
0 0.916879 0.650440 0.004315 0.016647
0 0.070338 0.753414 0.004228 0.013193
0 0.489459 0.859396 0.004678 0.016270
0 0.899444 0.662254 0.005064 0.019470
0 0.184309 0.913269 0.009250 0.021830
0 0.644889 0.706655 0.009304 0.017986
0 0.870394 0.678030 0.006381 0.026285
0 0.564803 0.732701 0.005846 0.015542
1 0.213602 0.308345 0.046980 0.103191
1 0.142090 0.287249 0.026263 0.069058
1 0.142202 0.311482 0.026202 0.020049