0 0.378163 0.744152 0.007396 0.030678
0 0.166939 0.820322 0.006908 0.033263
0 0.174148 0.818504 0.009107 0.032509
0 0.414794 0.740820 0.005142 0.029980
0 0.653611 0.613562 0.005321 0.021463
0 0.389001 0.912759 0.009121 0.041339
0 0.759342 0.529850 0.002522 0.012170
0 0.311470 0.773051 0.010232 0.030108
0 0.428808 0.866991 0.007236 0.037945
0 0.129695 0.929013 0.010706 0.019938
0 0.321503 0.773724 0.007859 0.031736
0 0.405874 0.814097 0.008412 0.017613
0 0.111184 0.939809 0.021415 0.021854
0 0.417397 0.808236 0.009425 0.021309
0 0.550208 0.856982 0.005687 0.027220
0 0.768699 0.529056 0.006155 0.007681
0 0.603556 0.738568 0.006448 0.016173
0 0.800384 0.588592 0.003687 0.007540
0 0.291251 0.686201 0.004970 0.008674
1 0.214233 0.310608 0.049469 0.106294
1 0.205526 0.409184 0.015841 0.006971
1 0.179173 0.262086 0.010142 0.006839