0 0.421032 0.739422 0.007229 0.027753
0 0.449666 0.739058 0.006268 0.027255
0 0.466028 0.703661 0.006465 0.025375
0 0.831795 0.783393 0.007917 0.038086
0 0.051877 0.877060 0.007318 0.013978
0 0.199094 0.975434 0.012571 0.046416
0 0.160685 0.983721 0.012865 0.031527
0 0.103232 0.921852 0.006499 0.029854
0 0.466076 0.659734 0.005659 0.009581
0 0.147465 0.883037 0.010679 0.022326
0 0.735964 0.747427 0.008498 0.023441
0 0.580544 0.955013 0.007709 0.034095
0 0.742566 0.740880 0.005486 0.033338
0 0.607382 0.607321 0.004814 0.010913
0 0.550509 0.986717 0.006659 0.025965
0 0.365412 0.851278 0.007766 0.024365
0 0.645133 0.789811 0.005226 0.021730
0 0.816636 0.961471 0.006572 0.022718
1 0.206367 0.314152 0.050480 0.109291
1 0.291706 0.978221 0.085790 0.042803
1 0.204617 0.410902 0.016191 0.008321
1 0.206215 0.355500 0.050046 0.026549
2 0.465877 0.715455 0.010662 0.011478
2 0.032909 0.739758 0.061045 0.513939