0 0.827592 0.545802 0.003525 0.021216
0 0.577417 0.956043 0.007776 0.037333
0 0.733691 0.578824 0.006351 0.024297
0 0.440468 0.872073 0.008110 0.035679
0 0.284899 0.717615 0.006038 0.010557
0 0.668448 0.955716 0.010946 0.042670
0 0.454843 0.875233 0.006986 0.028285
0 0.706632 0.918833 0.006479 0.020985
0 0.639727 0.864938 0.008574 0.035591
0 0.682893 0.930177 0.005913 0.017387
0 0.816599 0.960805 0.008514 0.024659
0 0.676194 0.946411 0.006144 0.031986
0 0.464145 0.874717 0.006984 0.030521
0 0.186983 0.913282 0.013101 0.023446
0 0.984206 0.468245 0.007607 0.020459
0 0.806076 0.965178 0.007466 0.033309
0 0.802407 0.590030 0.003623 0.004665
1 0.215181 0.310851 0.047434 0.107038
1 0.935918 0.408799 0.036533 0.039968
1 0.215324 0.347275 0.047385 0.033182
1 0.365260 0.860478 0.034056 0.027989