0 0.582771 0.917585 0.007779 0.029679
0 0.568153 0.833014 0.005302 0.025837
0 0.148437 0.883295 0.009646 0.022602
0 0.757620 0.965717 0.007693 0.014197
0 0.703916 0.707081 0.007403 0.024915
0 0.858673 0.882075 0.006846 0.015570
0 0.535430 0.843527 0.006859 0.025531
0 0.544317 0.842997 0.005538 0.023694
0 0.800556 0.829595 0.005058 0.014272
0 0.406947 0.814388 0.006545 0.016456
0 0.566780 0.905608 0.005294 0.025351
1 0.206230 0.314258 0.048742 0.107255
1 0.205683 0.410384 0.015298 0.008379
1 0.205982 0.356976 0.047371 0.022014