0 0.649198 0.703990 0.004861 0.022609
0 0.431931 0.889156 0.006204 0.027652
0 0.586449 0.968134 0.006997 0.027252
0 0.704002 0.565505 0.004676 0.017955
0 0.631385 0.595715 0.002456 0.007630
0 0.537543 0.986304 0.003949 0.026250
0 0.388213 0.752226 0.008795 0.026416
0 0.007199 0.942829 0.013969 0.027109
0 0.554624 0.638447 0.004265 0.011198
0 0.148298 0.883589 0.010244 0.021831
0 0.731097 0.614336 0.005421 0.023758
0 0.538892 0.759753 0.007858 0.019425
0 0.904698 0.841634 0.005772 0.016616
0 0.551050 0.981700 0.009322 0.035652
0 0.712767 0.670571 0.007474 0.018240
0 0.549696 0.972854 0.006216 0.019199
0 0.002554 0.949992 0.005102 0.015769
1 0.209760 0.313930 0.048416 0.107986
1 0.204483 0.412705 0.014861 0.007566