0 0.227289 0.785656 0.008190 0.025280
0 0.576914 0.647829 0.004803 0.021596
0 0.120516 0.756455 0.003463 0.013328
0 0.160549 0.834073 0.004296 0.034822
0 0.165624 0.836039 0.007509 0.029909
0 0.806687 0.542135 0.003377 0.016191
0 0.291560 0.862160 0.005834 0.018179
0 0.810655 0.544358 0.003811 0.018538
0 0.912618 0.648910 0.005131 0.020313
0 0.923832 0.759773 0.008632 0.031391
0 0.801216 0.589214 0.005433 0.006325
0 0.211673 0.743553 0.007292 0.014716
0 0.672532 0.919855 0.006131 0.019678
1 0.210070 0.308910 0.046413 0.104729
1 0.206427 0.406347 0.014982 0.008693
1 0.264341 0.967867 0.140187 0.057020
1 0.314599 0.977419 0.039878 0.043787
1 0.293067 0.977119 0.082956 0.043400