0 0.743703 0.579124 0.005703 0.021289
0 0.771008 0.564913 0.004063 0.019501
0 0.765721 0.564639 0.004523 0.020418
0 0.574644 0.959037 0.009905 0.031847
0 0.616829 0.743008 0.005750 0.035130
0 0.582112 0.944919 0.007499 0.015062
0 0.529660 0.842915 0.004626 0.020135
0 0.622733 0.731574 0.006463 0.039694
0 0.175835 0.913941 0.008890 0.018440
0 0.187451 0.913100 0.013140 0.021725
0 0.805808 0.589965 0.003843 0.004833
0 0.129435 0.929485 0.009632 0.021033
0 0.283330 0.866387 0.005385 0.021910
0 0.159444 0.881548 0.007291 0.013264
0 0.656180 0.857376 0.007328 0.030376
0 0.616517 0.715594 0.006377 0.018893
0 0.285612 0.867968 0.010308 0.025182
0 0.269027 0.712030 0.002475 0.009283
0 0.834798 0.568322 0.004640 0.015464
0 0.060953 0.948581 0.011975 0.023167
0 0.119414 0.990099 0.008244 0.019802
1 0.642540 0.374140 0.095065 0.254272
1 0.211311 0.310671 0.045851 0.105918
1 0.642703 0.487548 0.094818 0.026947
1 0.494735 0.376205 0.017722 0.017591
1 0.592539 0.901185 0.019648 0.057927
1 0.588603 0.871910 0.027579 0.036626
1 0.291300 0.977944 0.086720 0.043517
1 0.211518 0.347727 0.045526 0.030121
1 0.642176 0.474122 0.095145 0.053637
2 0.598566 0.473909 0.007635 0.015775