0 0.436407 0.734010 0.005361 0.026701
0 0.266041 0.799048 0.005149 0.028173
0 0.288509 0.703601 0.008285 0.007609
0 0.320271 0.707814 0.005249 0.012950
0 0.667574 0.564634 0.003796 0.016154
0 0.440179 0.738555 0.004422 0.017213
0 0.683465 0.929057 0.008197 0.020081
0 0.736268 0.743942 0.006699 0.027196
0 0.362830 0.851333 0.013445 0.021729
0 0.726388 0.885562 0.008431 0.016342
1 0.213247 0.310437 0.046177 0.103561
1 0.282878 0.976803 0.103096 0.045263
1 0.795547 0.245760 0.018212 0.029209
2 0.448169 0.747293 0.020148 0.005703