0 0.688359 0.942254 0.009779 0.033619
0 0.133365 0.915632 0.009627 0.029325
0 0.496360 0.709549 0.006475 0.023150
0 0.290146 0.862282 0.008618 0.019214
0 0.005845 0.945606 0.008337 0.033700
0 0.104123 0.753476 0.004013 0.010772
0 0.813427 0.712106 0.005422 0.020384
0 0.405567 0.814925 0.009196 0.016834
0 0.696737 0.925390 0.007056 0.014287
0 0.801758 0.588698 0.004715 0.007380
0 0.418318 0.807653 0.006512 0.015676
1 0.213194 0.309414 0.046638 0.104393
1 0.256642 0.968041 0.155664 0.058740
1 0.293247 0.977259 0.082549 0.044109