0 0.451572 0.894432 0.010882 0.034165
0 0.407445 0.904142 0.012519 0.046200
0 0.513089 0.701975 0.007850 0.030137
0 0.426270 0.897333 0.006355 0.036100
0 0.524608 0.699014 0.006576 0.026856
0 0.290575 0.861789 0.009190 0.022141
0 0.370884 0.921588 0.008213 0.040532
0 0.799929 0.588653 0.006226 0.007427
0 0.829461 0.772054 0.007439 0.033357
0 0.423273 0.676943 0.004572 0.010782
0 0.554262 0.919214 0.004833 0.028287
0 0.365279 0.916984 0.005886 0.033412
0 0.186565 0.752333 0.003718 0.011209
0 0.415663 0.805955 0.004706 0.017141
0 0.837238 0.755121 0.006482 0.027704
1 0.215115 0.310258 0.048261 0.105570
1 0.207045 0.406988 0.015180 0.007096