0 0.940025 0.507786 0.005168 0.016272
0 0.406046 0.814242 0.008251 0.018029
0 0.651597 0.636370 0.007214 0.022979
0 0.418960 0.809059 0.007921 0.018348
0 0.831460 0.765283 0.008019 0.029504
0 0.182626 0.909799 0.008125 0.026679
0 0.798013 0.588877 0.003716 0.007078
0 0.971339 0.533195 0.004227 0.017985
0 0.490060 0.692670 0.005155 0.022721
0 0.487208 0.696490 0.005317 0.021754
0 0.798078 0.593435 0.004363 0.015744
0 0.642877 0.641467 0.006380 0.023493
1 0.211033 0.309832 0.047778 0.104368
1 0.522776 0.253513 0.043131 0.054325
1 0.294290 0.977731 0.080550 0.043127
1 0.943433 0.519343 0.022570 0.011485
1 0.514694 0.273310 0.026351 0.013913
2 0.943370 0.519295 0.022239 0.011423