0 0.206012 0.758291 0.005528 0.019154
0 0.512542 0.846631 0.006047 0.030646
0 0.689043 0.584430 0.004277 0.015727
0 0.284902 0.868108 0.008404 0.023777
0 0.740417 0.767110 0.009039 0.040147
0 0.689300 0.593179 0.004671 0.033420
0 0.453448 0.890256 0.005027 0.024232
0 0.507555 0.855892 0.005866 0.021972
0 0.806883 0.962781 0.006164 0.036602
0 0.127681 0.936398 0.014744 0.019874
0 0.433423 0.893437 0.008315 0.031381
0 0.816526 0.958471 0.005775 0.028879
0 0.930829 0.484628 0.003745 0.012676
0 0.299266 0.865299 0.011301 0.021560
0 0.187995 0.913771 0.013908 0.021938
0 0.297384 0.862125 0.007766 0.015236
0 0.710121 0.669435 0.010197 0.018617
1 0.210769 0.311705 0.047991 0.105788
1 0.593537 0.366640 0.068365 0.040100
1 0.580861 0.315096 0.043024 0.143768
1 0.211023 0.347308 0.047873 0.033514