0 0.202179 0.775234 0.007896 0.020988
0 0.225636 0.745660 0.004918 0.017983
0 0.947717 0.500906 0.005136 0.019231
0 0.659443 0.619760 0.006139 0.025596
0 0.756685 0.581239 0.002744 0.015418
0 0.654739 0.620394 0.004924 0.027661
0 0.666995 0.850311 0.006603 0.032279
0 0.779674 0.724510 0.006540 0.027644
0 0.775016 0.728872 0.005732 0.026563
0 0.788287 0.719861 0.006662 0.025104
0 0.360561 0.926620 0.007803 0.029355
0 0.731143 0.863359 0.006137 0.019093
0 0.289551 0.863550 0.012757 0.018454
0 0.801216 0.590196 0.004965 0.004364
0 0.725169 0.873454 0.006500 0.014685
0 0.209009 0.751310 0.006002 0.009357
1 0.216681 0.310140 0.049065 0.105555
1 0.545341 0.758606 0.021889 0.021852
1 0.411519 0.813196 0.022786 0.021769
1 0.205214 0.406887 0.015582 0.007267
1 0.257614 0.968122 0.154225 0.059696
2 0.205319 0.786278 0.006320 0.005466