0 0.237198 0.976779 0.010040 0.029458
0 0.242573 0.960266 0.009260 0.044575
0 0.693121 0.606095 0.005687 0.014285
0 0.701781 0.593714 0.005162 0.025640
0 0.820807 0.537807 0.004377 0.018252
0 0.701569 0.586408 0.005489 0.011933
0 0.726010 0.609291 0.007400 0.016374
0 0.760005 0.734403 0.005021 0.026718
0 0.645242 0.959859 0.008446 0.023393
0 0.393328 0.692389 0.006543 0.016539
0 0.740390 0.738444 0.006123 0.028755
0 0.814752 0.819525 0.005208 0.014199
0 0.405951 0.690495 0.004790 0.008035
0 0.218972 0.896705 0.004357 0.009763
0 0.607343 0.864233 0.005647 0.013179
1 0.081902 0.332551 0.047821 0.110868
1 0.589086 0.878530 0.026586 0.046291
1 0.283540 0.977810 0.101845 0.044379
1 0.314578 0.970455 0.039998 0.030750