0 0.213576 0.819787 0.013622 0.035887
0 0.424245 0.857024 0.009794 0.035297
0 0.291133 0.813218 0.007360 0.030334
0 0.184445 0.753663 0.004988 0.015437
0 0.157853 0.752866 0.005847 0.012995
0 0.292796 0.944321 0.006796 0.043763
0 0.774749 0.651250 0.009267 0.028806
0 0.443808 0.799165 0.007970 0.031446
0 0.460147 0.887109 0.006124 0.035139
0 0.291059 0.862983 0.009558 0.018951
0 0.418692 0.742422 0.005871 0.029036
0 0.413968 0.740349 0.006477 0.031164
0 0.708702 0.604226 0.004091 0.021934
0 0.140166 0.837027 0.005831 0.010778
0 0.798378 0.588749 0.004576 0.007257
0 0.705525 0.919152 0.005816 0.013626
0 0.576102 0.821454 0.004952 0.028531
0 0.297959 0.947121 0.008781 0.035333
0 0.686851 0.927506 0.008855 0.021736
0 0.832192 0.586853 0.005391 0.011051
0 0.754231 0.795590 0.008430 0.041750
0 0.717259 0.602697 0.007674 0.018614
0 0.933703 0.468081 0.002819 0.012423
0 0.600449 0.742108 0.003860 0.014771
0 0.613416 0.738608 0.006378 0.013486
0 0.939282 0.467067 0.002857 0.012018
1 0.217938 0.309397 0.046411 0.102696
1 0.205550 0.405978 0.015244 0.007616