0 0.076752 0.847766 0.006549 0.035443
0 0.071529 0.849014 0.007515 0.035514
0 0.268505 0.959800 0.014007 0.036146
0 0.687283 0.613346 0.004027 0.022170
0 0.677667 0.613771 0.004843 0.024790
0 0.183939 0.911654 0.008291 0.018724
0 0.260367 0.955050 0.007981 0.035323
0 0.273964 0.861749 0.007226 0.019821
0 0.117432 0.933972 0.036049 0.030147
0 0.686437 0.848292 0.007643 0.032091
0 0.271678 0.962663 0.007784 0.028603
0 0.127812 0.929521 0.010809 0.021537
0 0.707159 0.837587 0.005936 0.033597
0 0.366097 0.848207 0.006367 0.016518
1 0.211589 0.311240 0.048748 0.104887
1 0.942812 0.519460 0.024069 0.012928
1 0.205349 0.409522 0.015487 0.008687
1 0.404997 0.817320 0.010514 0.012458
1 0.170467 0.727177 0.007764 0.009729
1 0.314520 0.977454 0.040130 0.043854