0 0.578142 0.956121 0.009326 0.039487
0 0.225141 0.967755 0.014464 0.042691
0 0.301953 0.857869 0.007146 0.036870
0 0.736213 0.742671 0.007169 0.030986
0 0.294634 0.854953 0.009260 0.030815
0 0.153018 0.750424 0.005367 0.011887
0 0.746071 0.738629 0.006454 0.030099
0 0.178162 0.748337 0.004345 0.013978
0 0.140579 0.754814 0.004152 0.013496
0 0.484196 0.786866 0.006537 0.015854
0 0.435455 0.889323 0.007523 0.043039
0 0.548559 0.941734 0.010114 0.043280
0 0.721311 0.629373 0.004312 0.015295
0 0.093533 0.823365 0.022490 0.045912
0 0.087217 0.815996 0.006730 0.032635
0 0.472941 0.785596 0.003992 0.014677
0 0.365538 0.849984 0.010013 0.019115
1 0.210784 0.312799 0.047590 0.105701
1 0.290366 0.977183 0.088483 0.045633