0 0.284748 0.854574 0.009569 0.020313
0 0.291703 0.852323 0.005211 0.022381
0 0.922917 0.506380 0.003697 0.017912
0 0.825126 0.577129 0.005110 0.025858
0 0.927644 0.506944 0.003559 0.018033
0 0.917724 0.509375 0.004106 0.013850
0 0.746519 0.564490 0.006355 0.018664
0 0.529093 0.753030 0.006916 0.015318
0 0.523335 0.751033 0.004512 0.009633
0 0.818641 0.584994 0.005492 0.013854
1 0.205195 0.308496 0.047538 0.101288
1 0.290971 0.977654 0.087180 0.044692
1 0.525676 0.755933 0.017774 0.017924
1 0.658810 0.364483 0.021373 0.010488
1 0.650207 0.986206 0.029690 0.026455
1 0.201151 0.404606 0.014825 0.007100