0 0.771456 0.559112 0.004016 0.023284
0 0.550140 0.756302 0.007193 0.030154
0 0.529954 0.753725 0.007626 0.016129
0 0.651239 0.983688 0.009722 0.031777
0 0.011060 0.949445 0.009240 0.029730
0 0.856196 0.674379 0.006310 0.031063
0 0.824857 0.575974 0.005989 0.025522
0 0.815388 0.583728 0.004844 0.017292
0 0.727416 0.572444 0.003965 0.017615
0 0.291777 0.845870 0.004434 0.009601
0 0.523516 0.753288 0.005346 0.014838
0 0.291667 0.852177 0.005600 0.022480
1 0.210932 0.308599 0.047419 0.102683
1 0.400481 0.812969 0.010583 0.013512
1 0.292669 0.977282 0.083593 0.044153
1 0.314409 0.977727 0.040314 0.044276