0 0.772269 0.608629 0.007495 0.027775
0 0.705341 0.666854 0.009033 0.028485
0 0.785165 0.607754 0.005588 0.021865
0 0.354699 0.769212 0.007209 0.034101
0 0.367484 0.918985 0.010354 0.038935
0 0.663122 0.907734 0.006826 0.020089
0 0.818604 0.831539 0.007374 0.021075
0 0.917562 0.494146 0.003243 0.015381
0 0.454678 0.909513 0.009620 0.028258
0 0.671948 0.920648 0.006627 0.014664
0 0.754044 0.797475 0.008301 0.041633
0 0.719372 0.919191 0.006958 0.013927
1 0.203260 0.313637 0.049156 0.108057
1 0.270229 0.317875 0.057614 0.119896
1 0.283438 0.364042 0.031156 0.026889
1 0.314443 0.977752 0.040104 0.043744
1 0.290969 0.977832 0.087186 0.044335
1 0.342089 0.973796 0.096236 0.051295