0 0.570399 0.666676 0.005537 0.023553
0 0.220326 0.863691 0.008749 0.033563
0 0.291282 0.862332 0.008830 0.016466
0 0.212963 0.861690 0.008540 0.036102
0 0.608766 0.631955 0.004107 0.021955
0 0.945432 0.471467 0.003582 0.014826
0 0.481574 0.652833 0.006356 0.010981
0 0.417955 0.808937 0.010348 0.019044
0 0.615207 0.635777 0.004115 0.018936
0 0.798256 0.588876 0.005053 0.006999
0 0.964084 0.474409 0.004409 0.014826
0 0.028037 0.961604 0.011738 0.024629
1 0.206231 0.310600 0.048580 0.104662
1 0.533577 0.260945 0.021521 0.065365
1 0.540002 0.287235 0.008829 0.011666
1 0.267359 0.969180 0.134536 0.058508
1 0.289115 0.872490 0.029204 0.017758
1 0.206529 0.408653 0.016368 0.007353
1 0.293180 0.977903 0.082723 0.042733