0 0.337747 0.874654 0.008481 0.022502
0 0.362144 0.754250 0.006518 0.029009
0 0.326000 0.872547 0.005276 0.021816
0 0.354835 0.861990 0.005381 0.009043
0 0.797741 0.830486 0.004230 0.012311
0 0.732846 0.636839 0.014716 0.020783
0 0.684089 0.931630 0.011178 0.018970
0 0.298453 0.861172 0.030311 0.043173
0 0.306365 0.851023 0.008066 0.023568
0 0.840601 0.774240 0.013243 0.017058
0 0.144167 0.989958 0.008870 0.020084
0 0.330839 0.883824 0.008766 0.017920
1 0.208913 0.310597 0.046150 0.102507
1 0.204808 0.406896 0.014950 0.007841
1 0.904408 0.422200 0.071478 0.049875