0 0.434286 0.724675 0.006770 0.033355
0 0.261106 0.794548 0.007400 0.029713
0 0.444185 0.726020 0.007497 0.027991
0 0.452895 0.723944 0.004484 0.027488
0 0.255824 0.800662 0.005151 0.022711
0 0.545400 0.985199 0.010180 0.028454
0 0.411089 0.829703 0.008067 0.039164
0 0.438102 0.728576 0.004261 0.021495
0 0.440623 0.662681 0.005358 0.008530
0 0.489177 0.657496 0.003934 0.009131
0 0.363120 0.851328 0.011789 0.021012
0 0.417070 0.811270 0.008374 0.022050
0 0.469432 0.661467 0.003315 0.018436
0 0.777903 0.542012 0.004144 0.020702
0 0.436796 0.726000 0.006228 0.028315
0 0.465657 0.661489 0.003593 0.017536
1 0.212470 0.310974 0.045693 0.103185
1 0.283310 0.977245 0.102219 0.043852