0 0.382741 0.807305 0.007471 0.035233
0 0.452014 0.889646 0.009767 0.036152
0 0.367920 0.823557 0.006655 0.031235
0 0.823429 0.577715 0.004405 0.023266
0 0.801265 0.589002 0.005118 0.006730
0 0.179042 0.906011 0.009766 0.021117
0 0.833609 0.581927 0.006572 0.017839
0 0.101028 0.844194 0.009908 0.041018
0 0.442314 0.888525 0.007326 0.034936
0 0.068936 0.761683 0.004744 0.010625
0 0.420725 0.690634 0.007382 0.012442
0 0.855730 0.705235 0.006051 0.028544
0 0.553585 0.921768 0.007978 0.026006
0 0.419427 0.808654 0.009584 0.018397
0 0.729664 0.863670 0.009301 0.018003
0 0.289259 0.859836 0.007013 0.018800
0 0.145891 0.764229 0.004102 0.009779
0 0.844190 0.783322 0.006459 0.028167
0 0.445277 0.678401 0.006420 0.009764
0 0.170808 0.914803 0.010184 0.013979
0 0.829968 0.583374 0.013400 0.020049
0 0.404378 0.814913 0.011399 0.016874
1 0.213701 0.310053 0.047182 0.104358