0 0.259408 0.881311 0.009773 0.035665
0 0.267858 0.872706 0.010400 0.037082
0 0.406359 0.906355 0.009246 0.041968
0 0.542205 0.982371 0.008185 0.033500
0 0.453993 0.722568 0.007219 0.031438
0 0.270383 0.872824 0.005200 0.035727
0 0.459344 0.884588 0.010372 0.034360
0 0.823910 0.546654 0.004506 0.021608
0 0.819279 0.551083 0.002669 0.013604
0 0.749667 0.741558 0.006267 0.026513
0 0.449045 0.921471 0.009305 0.033866
0 0.708323 0.547550 0.004156 0.011815
0 0.885599 0.508550 0.003808 0.015793
0 0.805845 0.588648 0.004751 0.007471
0 0.417734 0.808767 0.010682 0.019603
0 0.005506 0.973706 0.010371 0.022621
0 0.031037 0.958409 0.005463 0.020934
0 0.805760 0.592790 0.004629 0.017110
0 0.781265 0.726355 0.005519 0.023481
0 0.705761 0.716775 0.016328 0.020974
0 0.446782 0.904877 0.005257 0.020987
0 0.650053 0.786392 0.005993 0.029049
0 0.497043 0.788442 0.006772 0.018109
1 0.211189 0.309775 0.046625 0.103685
1 0.778226 0.330218 0.081524 0.157273
1 0.811117 0.377008 0.015538 0.051411
1 0.204686 0.406302 0.014820 0.007251
1 0.293506 0.978013 0.082081 0.042957
1 0.796559 0.581652 0.023752 0.021528
1 0.795886 0.576455 0.014240 0.011059