0 0.187026 0.976948 0.008618 0.042200
0 0.230238 0.899399 0.010169 0.018250
0 0.747783 0.560306 0.003828 0.020491
0 0.793205 0.570504 0.006122 0.030758
0 0.616050 0.845731 0.009253 0.023352
0 0.753767 0.559030 0.005291 0.023910
0 0.831737 0.564822 0.004399 0.022579
0 0.767267 0.561932 0.005097 0.020320
0 0.583813 0.846906 0.006633 0.032152
0 0.762168 0.561619 0.004494 0.018450
0 0.218471 0.902110 0.009764 0.021129
0 0.516635 0.563861 0.047013 0.057011
0 0.841342 0.562760 0.004364 0.025612
0 0.780107 0.559130 0.004490 0.020606
0 0.805099 0.559066 0.003504 0.023089
0 0.788994 0.557765 0.003639 0.020409
0 0.906960 0.523170 0.005851 0.010137
0 0.824206 0.561444 0.005740 0.026856
0 0.831506 0.544026 0.004567 0.009333
0 0.784148 0.560634 0.003885 0.019649
0 0.819210 0.560055 0.004616 0.027966
1 0.097257 0.331156 0.047297 0.114301
1 0.665872 0.415543 0.133442 0.323231
1 0.665554 0.525940 0.132856 0.099907
1 0.410893 0.806181 0.010989 0.021001
1 0.281781 0.976931 0.105248 0.046137
1 0.314687 0.977482 0.039764 0.044013