0 0.469539 0.901583 0.007765 0.037163
0 0.402389 0.807791 0.007863 0.033691
0 0.413861 0.806483 0.006641 0.033864
0 0.570057 0.910961 0.008306 0.024812
0 0.353893 0.927084 0.010592 0.039531
0 0.822220 0.523563 0.004401 0.017074
0 0.285756 0.934623 0.007958 0.029123
0 0.346622 0.919238 0.005530 0.027047
0 0.711945 0.874371 0.008713 0.022998
0 0.700746 0.879012 0.004638 0.011468
0 0.268558 0.941419 0.004565 0.018109
0 0.827025 0.522879 0.004143 0.016642
0 0.539442 0.920663 0.007725 0.023522
0 0.538816 0.914953 0.008653 0.015921
0 0.351047 0.926343 0.005717 0.035359
1 0.207875 0.312016 0.048240 0.104823
1 0.316668 0.242971 0.008614 0.018203
1 0.303230 0.235636 0.004981 0.012169
1 0.236035 0.241975 0.005530 0.011735
1 0.283149 0.976435 0.102676 0.045740
1 0.324774 0.969361 0.019733 0.026478
1 0.588647 0.873472 0.027511 0.034457