0 0.281022 0.729528 0.005975 0.019847
0 0.270853 0.731949 0.005863 0.021421
0 0.355368 0.833530 0.006449 0.033211
0 0.359676 0.866513 0.010367 0.019036
0 0.754754 0.562072 0.004208 0.022042
0 0.361063 0.834570 0.005715 0.020301
0 0.814088 0.560727 0.004440 0.021760
0 0.806784 0.563043 0.004567 0.020671
0 0.766892 0.561818 0.004667 0.024045
0 0.773360 0.561209 0.005014 0.020753
0 0.600443 0.838641 0.010499 0.038803
0 0.616378 0.846509 0.006257 0.023104
0 0.785058 0.559065 0.005108 0.022732
0 0.759293 0.561590 0.003255 0.019274
0 0.790164 0.559250 0.003415 0.019978
0 0.583132 0.953763 0.010585 0.029404
0 0.793501 0.558813 0.004566 0.021225
0 0.679259 0.527053 0.004883 0.017858
0 0.825967 0.701788 0.005369 0.026196
0 0.796337 0.559694 0.003363 0.020562
0 0.656801 0.535392 0.006155 0.022368
0 0.516873 0.562679 0.046364 0.059402
0 0.907404 0.523281 0.005426 0.009332
0 0.714852 0.526316 0.003495 0.018803
0 0.800785 0.686605 0.009671 0.016700
0 0.684079 0.930280 0.009640 0.017199
0 0.778747 0.560053 0.003979 0.019025
1 0.085758 0.328704 0.047497 0.108240
1 0.666256 0.417349 0.135845 0.321118
1 0.589084 0.878360 0.026585 0.045067
1 0.666019 0.526384 0.135543 0.102135
1 0.291257 0.977412 0.086484 0.044115