0 0.284579 0.855202 0.011249 0.021135
0 0.678500 0.930695 0.009781 0.024788
0 0.333190 0.864535 0.002808 0.038540
0 0.293587 0.852499 0.008748 0.022451
0 0.814685 0.581601 0.005786 0.023112
0 0.335881 0.857871 0.007838 0.021303
0 0.807003 0.549316 0.003620 0.018712
0 0.827546 0.704993 0.006721 0.022875
0 0.354742 0.867021 0.009455 0.018989
0 0.530686 0.753997 0.008804 0.017957
0 0.734197 0.553003 0.002590 0.013178
0 0.825114 0.573399 0.004588 0.019925
0 0.524095 0.750861 0.004086 0.010890
0 0.734979 0.568135 0.002411 0.007738
0 0.606779 0.864742 0.007849 0.013390
0 0.705130 0.669221 0.007990 0.015687
1 0.203902 0.308285 0.048759 0.101581
1 0.291752 0.977405 0.085620 0.043658