0 0.385458 0.944008 0.008746 0.035193
0 0.500300 0.766733 0.008028 0.034663
0 0.346589 0.940859 0.010197 0.040646
0 0.243329 0.968162 0.009461 0.049078
0 0.307882 0.947630 0.009944 0.039196
0 0.508147 0.763803 0.007047 0.028555
0 0.156499 0.986236 0.008732 0.026654
0 0.809529 0.549004 0.003489 0.018146
0 0.806076 0.549851 0.003568 0.017183
0 0.702214 0.764590 0.005546 0.023087
0 0.727789 0.603210 0.008428 0.022517
0 0.219899 0.903214 0.006816 0.018901
0 0.482096 0.901420 0.008952 0.027399
0 0.515381 0.563034 0.041137 0.058687
0 0.371614 0.902039 0.006322 0.024589
0 0.215564 0.905688 0.004598 0.015446
0 0.945362 0.627260 0.005888 0.018602
0 0.152673 0.980190 0.006747 0.029322
0 0.691955 0.906646 0.010801 0.011983
1 0.081790 0.331772 0.045968 0.110535
1 0.283541 0.977160 0.101814 0.045680
1 0.983223 0.471290 0.031614 0.241205
1 0.314675 0.977427 0.039872 0.043061
1 0.326328 0.974361 0.116317 0.050425