0 0.305342 0.790563 0.008494 0.032506
0 0.443738 0.805428 0.008428 0.038392
0 0.458332 0.794795 0.010772 0.034258
0 0.298981 0.867555 0.010101 0.021010
0 0.938573 0.483343 0.003051 0.014976
0 0.286276 0.868350 0.011971 0.024167
0 0.185122 0.912705 0.010603 0.020191
0 0.942165 0.483084 0.003335 0.014810
0 0.935715 0.467863 0.003534 0.014509
0 0.454377 0.799010 0.005017 0.025374
0 0.797577 0.583231 0.021979 0.018199
0 0.806527 0.586063 0.006185 0.012644
1 0.122493 0.320870 0.039544 0.099014
1 0.216524 0.310175 0.048570 0.107604
1 0.216753 0.347818 0.048005 0.030255