0 0.287864 0.779550 0.007193 0.028665
0 0.279288 0.777804 0.006978 0.034244
0 0.804156 0.535595 0.005045 0.017139
0 0.417054 0.838437 0.008245 0.034233
0 0.711892 0.585705 0.005368 0.013336
0 0.481451 0.853645 0.006096 0.022906
0 0.797052 0.536134 0.004581 0.019925
0 0.298466 0.864971 0.011476 0.024055
0 0.157840 0.880454 0.008325 0.024135
0 0.679040 0.775096 0.004940 0.023354
0 0.504108 0.884047 0.007584 0.025008
0 0.525859 0.838419 0.004543 0.021095
0 0.805853 0.589994 0.003502 0.004744
0 0.830289 0.794648 0.005810 0.019677
0 0.745138 0.738558 0.004879 0.025557
0 0.602305 0.810921 0.004639 0.021846
0 0.717773 0.755485 0.005317 0.028538
0 0.060390 0.953493 0.009951 0.013226
0 0.056718 0.778152 0.009843 0.014821
0 0.948965 0.476613 0.003692 0.016918
1 0.210799 0.311247 0.046666 0.106368
1 0.069526 0.312927 0.037285 0.092740
2 0.585026 0.300215 0.034684 0.013800