0 0.520828 0.704924 0.007544 0.028113
0 0.170869 0.764786 0.005246 0.016126
0 0.433897 0.866651 0.007125 0.027967
0 0.157642 0.773048 0.004297 0.010012
0 0.109743 0.756896 0.004799 0.008646
0 0.465488 0.905969 0.006217 0.034838
0 0.096906 0.765916 0.003724 0.009082
0 0.180643 0.910858 0.007435 0.013237
0 0.415420 0.806681 0.004662 0.017264
0 0.170482 0.914844 0.009335 0.015451
0 0.700588 0.768265 0.005012 0.020579
0 0.469506 0.910781 0.005421 0.027894
0 0.701303 0.717160 0.021713 0.017633
0 0.916539 0.482311 0.004613 0.016453
0 0.455740 0.886134 0.008016 0.033688
0 0.942257 0.531632 0.005311 0.012475
0 0.716432 0.882836 0.007193 0.016299
1 0.210334 0.310236 0.046153 0.105262
1 0.292414 0.977156 0.084260 0.043374
1 0.411244 0.813396 0.023067 0.020070