0 0.719015 0.584017 0.005222 0.016726
0 0.726710 0.584564 0.004201 0.015596
0 0.798581 0.554795 0.005486 0.020230
0 0.655087 0.910343 0.006995 0.034322
0 0.672350 0.618389 0.004129 0.019005
0 0.667894 0.616564 0.006230 0.026886
0 0.071443 0.994361 0.005801 0.010660
0 0.216223 0.737318 0.004558 0.010687
0 0.181578 0.977700 0.007132 0.040605
0 0.725244 0.609183 0.006411 0.013955
0 0.219075 0.903078 0.009168 0.019831
1 0.075755 0.330543 0.045655 0.107164
1 0.288057 0.334644 0.072874 0.165113
1 0.745667 0.659328 0.022245 0.028689
1 0.314485 0.970805 0.040176 0.030838
1 0.296313 0.402208 0.056527 0.030523
1 0.019651 0.378104 0.012269 0.012471
1 0.289727 0.977611 0.089534 0.044778