0 0.484447 0.721459 0.008611 0.030996
0 0.394493 0.912458 0.007248 0.038987
0 0.582632 0.949607 0.012550 0.038803
0 0.866166 0.673904 0.005226 0.023447
0 0.291294 0.849312 0.005010 0.021867
0 0.716041 0.963853 0.006788 0.025517
0 0.843146 0.787247 0.005479 0.030283
0 0.835410 0.783264 0.007322 0.037614
0 0.366621 0.824711 0.009588 0.020881
0 0.399894 0.910605 0.006226 0.032056
0 0.685674 0.932473 0.005330 0.014499
0 0.538246 0.843562 0.005330 0.027686
0 0.285218 0.854210 0.009984 0.022834
0 0.331201 0.881449 0.006788 0.012058
0 0.826143 0.584841 0.004633 0.012406
0 0.286049 0.718334 0.006047 0.014820
1 0.211742 0.308553 0.046951 0.103329
1 0.314685 0.977871 0.039709 0.044086
1 0.203117 0.405511 0.014986 0.007529
1 0.291593 0.977782 0.086040 0.044436