0 0.709450 0.965685 0.007606 0.033121
0 0.730445 0.583728 0.005745 0.017179
0 0.304403 0.866188 0.005355 0.022565
0 0.460806 0.918644 0.009199 0.031500
0 0.678891 0.916360 0.004542 0.017214
0 0.337705 0.874141 0.008110 0.023592
0 0.295927 0.864389 0.007336 0.013884
0 0.661880 0.918835 0.006656 0.030382
0 0.344909 0.860042 0.004433 0.015240
0 0.331591 0.876745 0.006030 0.016672
0 0.828584 0.584582 0.004028 0.010850
1 0.211857 0.308581 0.048194 0.102531
1 0.649368 0.983281 0.031944 0.033193
1 0.314810 0.977939 0.039512 0.044123