0 0.371375 0.799672 0.007508 0.033345
0 0.133360 0.820925 0.008397 0.037451
0 0.379587 0.796172 0.007329 0.035085
0 0.271705 0.753238 0.006186 0.024115
0 0.912810 0.648653 0.005248 0.024147
0 0.920244 0.644731 0.004745 0.023326
0 0.005710 0.969242 0.006225 0.013487
0 0.018013 0.966088 0.009048 0.018969
0 0.750882 0.533468 0.005629 0.011077
0 0.584701 0.599132 0.004006 0.010577
0 0.498790 0.884407 0.007371 0.026886
1 0.204927 0.311670 0.047652 0.106049
1 0.675870 0.315341 0.053145 0.139541
1 0.314704 0.977774 0.039702 0.042798