0 0.553524 0.686074 0.005339 0.027980
0 0.546629 0.688788 0.005793 0.023566
0 0.711360 0.921395 0.009251 0.019486
0 0.625848 0.585868 0.003387 0.007388
0 0.127777 0.931716 0.017780 0.027237
0 0.187432 0.913346 0.014523 0.021686
0 0.176079 0.913850 0.009792 0.019502
0 0.285556 0.867678 0.011009 0.022836
0 0.364708 0.848074 0.009891 0.016379
0 0.296843 0.865076 0.010333 0.020484
0 0.802250 0.837917 0.004791 0.014931
0 0.057808 0.948404 0.009135 0.022358
1 0.212895 0.312269 0.046559 0.105604
1 0.609208 0.324073 0.076802 0.174330
1 0.586500 0.391979 0.031751 0.034174