0 0.187330 0.981999 0.011233 0.034710
0 0.830604 0.547251 0.004708 0.022782
0 0.585447 0.729752 0.006038 0.028440
0 0.717904 0.839441 0.004380 0.022139
0 0.729233 0.745164 0.005694 0.026988
0 0.395772 0.702044 0.005379 0.009666
0 0.598680 0.730273 0.004595 0.030504
0 0.984570 0.992909 0.007633 0.013806
0 0.590130 0.729801 0.004564 0.025921
0 0.610355 0.736043 0.004605 0.010453
0 0.595118 0.728352 0.003492 0.025138
0 0.551018 0.853728 0.004364 0.019720
0 0.777224 0.609901 0.004956 0.024109
0 0.821304 0.587775 0.005315 0.009216
0 0.256057 0.969283 0.017103 0.030565
0 0.284950 0.957107 0.010739 0.015205
0 0.846137 0.579705 0.004965 0.022564
1 0.213380 0.310456 0.047709 0.105585
1 0.203304 0.409637 0.013728 0.008742