0 0.141805 0.876297 0.007350 0.029840
0 0.002022 0.870301 0.004035 0.029515
0 0.436551 0.742199 0.008449 0.024622
0 0.054472 0.878492 0.005250 0.033201
0 0.336118 0.769971 0.008132 0.034351
0 0.738638 0.743340 0.007544 0.028931
0 0.333158 0.764751 0.002888 0.029430
0 0.089095 0.994105 0.007263 0.011133
0 0.639398 0.621117 0.004231 0.019886
0 0.466551 0.673082 0.005936 0.010847
0 0.365146 0.851336 0.006842 0.024563
0 0.072364 0.749086 0.003056 0.011307
0 0.187379 0.914267 0.010186 0.018190
0 0.728614 0.751235 0.007540 0.024877
0 0.102402 0.510453 0.041860 0.110946
0 0.273259 0.856697 0.004961 0.008542
0 0.285861 0.861679 0.009007 0.019547
0 0.151160 0.877466 0.009885 0.015925
0 0.651612 0.980261 0.008317 0.021858
1 0.205383 0.315145 0.049732 0.107670
1 0.204625 0.411726 0.015509 0.008628
1 0.205385 0.355090 0.049556 0.027658
2 0.341541 0.787772 0.010804 0.004211