0 0.665617 0.923041 0.007351 0.033252
0 0.607060 0.862186 0.007770 0.019294
0 0.311557 0.720412 0.005681 0.023104
0 0.853774 0.683852 0.006345 0.021372
0 0.690274 0.926625 0.005620 0.017981
0 0.288267 0.719521 0.006069 0.010543
0 0.219354 0.902284 0.009650 0.020777
0 0.852040 0.709447 0.006099 0.028845
0 0.931900 0.641335 0.004172 0.014728
0 0.515696 0.561210 0.041514 0.062300
1 0.081597 0.332557 0.050026 0.113015
1 0.244604 0.313138 0.048816 0.130553
1 0.159382 0.374719 0.070174 0.013453
1 0.291187 0.977435 0.086539 0.043927
1 0.746038 0.659246 0.022788 0.028155