0 0.725571 0.604652 0.004599 0.023432
0 0.384118 0.797652 0.005637 0.034483
0 0.665900 0.918021 0.006901 0.019639
0 0.097322 0.759504 0.005559 0.014553
0 0.340032 0.863268 0.008869 0.035913
0 0.352385 0.862347 0.006471 0.014430
0 0.655067 0.903291 0.011262 0.030408
0 0.345057 0.706849 0.004992 0.009365
0 0.779390 0.533595 0.004328 0.015067
0 0.552929 0.939208 0.008321 0.037368
0 0.580872 0.951760 0.007953 0.037803
0 0.981928 0.486974 0.008230 0.025736
0 0.753659 0.795235 0.008500 0.043441
0 0.804580 0.584499 0.002465 0.015733
1 0.204146 0.311878 0.049637 0.108231
1 0.636854 0.288257 0.024485 0.017906
1 0.203639 0.410458 0.014639 0.007788
1 0.795487 0.582851 0.019118 0.019088
1 0.636874 0.273694 0.024545 0.046714