0 0.555480 0.977954 0.010282 0.043501
0 0.540131 0.980467 0.009117 0.038265
0 0.543156 0.653098 0.006143 0.017094
0 0.569713 0.650041 0.006412 0.020525
0 0.418292 0.909395 0.008209 0.038817
0 0.746369 0.656403 0.005036 0.022571
0 0.658544 0.622458 0.005175 0.022847
0 0.669990 0.573811 0.004054 0.015286
0 0.398808 0.932312 0.009805 0.029576
0 0.650805 0.626802 0.005418 0.021454
0 0.274116 0.721938 0.004903 0.015443
0 0.654633 0.576830 0.005173 0.014513
0 0.429850 0.890017 0.008019 0.042244
0 0.823053 0.805258 0.008054 0.020800
0 0.758666 0.570606 0.004212 0.019847
0 0.453170 0.670729 0.012042 0.010736
0 0.435939 0.877785 0.007117 0.033864
0 0.255083 0.721451 0.004510 0.010808
0 0.046954 0.937755 0.009871 0.044159
0 0.184887 0.913046 0.008051 0.022038
0 0.299527 0.866780 0.008504 0.021353
0 0.611143 0.546613 0.003142 0.008729
0 0.398976 0.689590 0.005783 0.016069
0 0.283819 0.863954 0.005675 0.018108
0 0.402143 0.898211 0.007187 0.028546
0 0.723018 0.563436 0.006104 0.012222
0 0.364264 0.851070 0.008269 0.020560
0 0.175546 0.913720 0.009049 0.019336
0 0.424014 0.909903 0.007011 0.034543
1 0.214129 0.310748 0.046485 0.104646
1 0.163922 0.294924 0.031664 0.068889
1 0.163929 0.319675 0.031702 0.019011
1 0.214484 0.345772 0.045959 0.033921