0 0.466743 0.973246 0.011408 0.044209
0 0.584266 0.957584 0.010196 0.023947
0 0.503778 0.951626 0.008793 0.040333
0 0.501963 0.980914 0.008338 0.036600
0 0.468116 0.899384 0.007785 0.038487
0 0.586532 0.944582 0.008979 0.026390
0 0.851668 0.682405 0.005937 0.025656
0 0.731125 0.598343 0.004771 0.027923
0 0.347911 0.921064 0.008213 0.036731
0 0.859851 0.683874 0.004634 0.020649
0 0.606417 0.946416 0.011403 0.021914
0 0.727058 0.600703 0.004655 0.021472
0 0.816003 0.831077 0.004195 0.010388
0 0.816557 0.956117 0.005734 0.033519
0 0.218008 0.903537 0.009477 0.020311
1 0.080931 0.330742 0.049559 0.110714
1 0.290222 0.977322 0.088697 0.044892
1 0.589177 0.878641 0.026409 0.044434