0 0.460544 0.879920 0.012819 0.036941
0 0.703807 0.597699 0.006907 0.022987
0 0.710744 0.591356 0.004059 0.022598
0 0.531678 0.846035 0.007440 0.026555
0 0.475543 0.910772 0.009011 0.031648
0 0.304402 0.863838 0.011808 0.025424
0 0.597139 0.636831 0.004706 0.020983
0 0.331813 0.873486 0.005591 0.022877
0 0.568146 0.907271 0.009952 0.023933
0 0.544384 0.844193 0.009201 0.022358
0 0.293785 0.865054 0.008994 0.023082
0 0.363256 0.803080 0.008856 0.016478
0 0.335699 0.873374 0.012364 0.022833
0 0.361527 0.776026 0.008603 0.029463
0 0.354793 0.773707 0.005822 0.032263
0 0.351258 0.866301 0.009086 0.021113
0 0.357931 0.828976 0.007857 0.023920
0 0.789872 0.836698 0.005086 0.016177
0 0.364761 0.815399 0.012141 0.040119
1 0.210523 0.309741 0.047181 0.103871
1 0.499598 0.284232 0.026610 0.097638
1 0.203744 0.406263 0.014828 0.007668
1 0.588657 0.879604 0.027451 0.049401
1 0.794527 0.582377 0.017530 0.019916