0 0.300856 0.780112 0.006986 0.029352
0 0.599311 0.667860 0.005099 0.025658
0 0.594731 0.668718 0.005577 0.026717
0 0.358860 0.926164 0.008243 0.041964
0 0.775557 0.949661 0.007213 0.016989
0 0.365720 0.934728 0.010674 0.030371
0 0.917643 0.644259 0.005204 0.026198
0 0.176573 0.913329 0.010667 0.021090
0 0.286166 0.862849 0.009346 0.022148
0 0.365102 0.846892 0.006806 0.016327
0 0.308011 0.782768 0.011952 0.025541
0 0.149074 0.883179 0.009785 0.022401
0 0.924440 0.645529 0.005065 0.016246
0 0.604959 0.739889 0.004062 0.017316
0 0.617345 0.614084 0.004340 0.008759
1 0.213673 0.313075 0.049746 0.105807
1 0.547410 0.760094 0.025348 0.020410