0 0.053583 0.787184 0.006084 0.019696
0 0.787906 0.589020 0.004258 0.021462
0 0.335413 0.714953 0.005770 0.017519
0 0.712298 0.591333 0.004043 0.020605
0 0.804818 0.582605 0.004595 0.019410
0 0.712187 0.586240 0.004470 0.012257
0 0.938442 0.525139 0.006121 0.013331
0 0.237519 0.727306 0.005123 0.013353
0 0.745449 0.602060 0.008194 0.023772
0 0.304722 0.864293 0.006454 0.016895
0 0.823158 0.836858 0.005471 0.017493
0 0.829245 0.585326 0.008881 0.013983
1 0.208807 0.309683 0.049684 0.105610
1 0.429360 0.273903 0.039361 0.080075
1 0.205301 0.406282 0.014911 0.007560
2 0.942240 0.536784 0.020139 0.009036