0 0.571264 0.826876 0.007770 0.029855
0 0.701726 0.603550 0.004315 0.021740
0 0.456639 0.886999 0.009116 0.041811
0 0.553082 0.981584 0.011187 0.035382
0 0.707205 0.603023 0.004612 0.019805
0 0.466303 0.916093 0.011415 0.031781
0 0.610162 0.807773 0.005134 0.029375
0 0.475127 0.866507 0.008549 0.025046
0 0.711807 0.670370 0.008396 0.019493
0 0.451216 0.926557 0.008285 0.028113
0 0.439456 0.900697 0.008092 0.039677
0 0.365074 0.847645 0.006889 0.018722
0 0.570033 0.914083 0.006718 0.019196
0 0.579103 0.916224 0.005958 0.024705
0 0.541360 0.987868 0.011462 0.024265
0 0.855234 0.886633 0.009109 0.018143
0 0.524788 0.556920 0.060167 0.070929
0 0.603099 0.809468 0.005378 0.027078
0 0.565884 0.905703 0.006918 0.024612
0 0.612049 0.578790 0.003283 0.009428
1 0.207395 0.313715 0.049672 0.106791
1 0.207445 0.410714 0.015842 0.008175
1 0.207437 0.352831 0.049434 0.028713