0 0.302277 0.767062 0.007990 0.034574
0 0.706377 0.590102 0.006309 0.023046
0 0.250256 0.960415 0.011415 0.038286
0 0.311216 0.760358 0.006010 0.033044
0 0.555173 0.828822 0.006026 0.027194
0 0.706236 0.923613 0.008868 0.027795
0 0.130348 0.928888 0.013976 0.026064
0 0.748233 0.662844 0.006067 0.017486
0 0.591287 0.824289 0.006381 0.020164
0 0.580604 0.818572 0.004872 0.024515
0 0.637902 0.577334 0.002929 0.009002
0 0.295731 0.866534 0.010202 0.025926
0 0.150169 0.880488 0.024623 0.026705
0 0.592706 0.817800 0.004607 0.014399
0 0.364437 0.850532 0.009873 0.020575
0 0.284519 0.868395 0.009604 0.024343
1 0.379167 0.314559 0.033758 0.129744
1 0.773140 0.312898 0.036598 0.152581
1 0.217147 0.311829 0.046751 0.106843
1 0.217248 0.347656 0.046553 0.034530
1 0.206804 0.409870 0.015186 0.008806
1 0.773245 0.374092 0.036219 0.029342