0 0.681714 0.599566 0.005059 0.029821
0 0.817955 0.539905 0.004176 0.020746
0 0.130073 0.929300 0.010083 0.020393
0 0.185411 0.913226 0.010106 0.023031
0 0.274751 0.862817 0.010159 0.021170
0 0.496852 0.651231 0.005314 0.008100
0 0.364775 0.850216 0.007098 0.021712
0 0.513052 0.783314 0.009986 0.013440
0 0.003278 0.962254 0.006366 0.017705
0 0.801678 0.589902 0.003116 0.004905
0 0.286191 0.864249 0.008112 0.021819
0 0.175651 0.914507 0.008045 0.017898
0 0.005061 0.969101 0.010088 0.030985
0 0.681655 0.588494 0.004977 0.007789
1 0.207880 0.312916 0.048524 0.106447
1 0.205724 0.409875 0.016613 0.008082
1 0.207943 0.353919 0.048283 0.024249
1 0.294122 0.977971 0.080866 0.042907