0 0.402756 0.743251 0.005791 0.032843
0 0.160421 0.802366 0.008672 0.027391
0 0.366717 0.755186 0.008965 0.032988
0 0.452953 0.679179 0.004907 0.012116
0 0.057824 0.774278 0.004076 0.012022
0 0.516929 0.650844 0.005118 0.010210
0 0.377635 0.717949 0.004908 0.015433
0 0.646536 0.610104 0.004314 0.026605
0 0.652304 0.652743 0.006090 0.021003
0 0.442915 0.673359 0.003717 0.012030
0 0.049332 0.776343 0.003661 0.007459
0 0.649760 0.862647 0.006043 0.037256
0 0.128993 0.931525 0.012538 0.017189
0 0.743268 0.535910 0.002972 0.007739
0 0.184566 0.912682 0.008012 0.019907
0 0.104979 0.938591 0.012538 0.022506
0 0.365631 0.847963 0.007356 0.016724
0 0.413022 0.809907 0.017409 0.020536
0 0.718157 0.631176 0.010231 0.019249
0 0.117322 0.937154 0.036147 0.027650
1 0.209131 0.310430 0.047194 0.106005
1 0.144788 0.746013 0.007750 0.008728
1 0.158968 0.747490 0.008115 0.012486
1 0.133438 0.754263 0.008424 0.007820
1 0.206287 0.409467 0.015354 0.007025
2 0.157890 0.831073 0.026176 0.009791