0 0.162252 0.805544 0.008979 0.032571
0 0.155872 0.808479 0.007071 0.029009
0 0.508675 0.695119 0.006203 0.022449
0 0.800685 0.606109 0.012740 0.025329
0 0.600035 0.671219 0.008105 0.027197
0 0.521007 0.695205 0.006671 0.023253
0 0.663537 0.934834 0.006890 0.019562
0 0.212094 0.468538 0.005641 0.009133
0 0.788160 0.608712 0.010048 0.024744
0 0.694274 0.609996 0.005476 0.022720
0 0.610260 0.805423 0.006766 0.025687
0 0.690931 0.599997 0.004251 0.021760
0 0.552902 0.931188 0.008242 0.033832
0 0.631822 0.791423 0.005611 0.021653
0 0.808142 0.868206 0.005807 0.011378
0 0.577806 0.958051 0.011186 0.029437
0 0.018064 0.965188 0.009319 0.021229
0 0.616038 0.860885 0.013148 0.018584
0 0.600420 0.745947 0.003951 0.007948
1 0.208673 0.311228 0.048824 0.105196
1 0.197624 0.477091 0.056037 0.017180
1 0.204753 0.406493 0.014879 0.008008
1 0.587418 0.878723 0.029919 0.046291