0 0.806106 0.588608 0.004353 0.023183
0 0.422654 0.704238 0.005142 0.012968
0 0.581286 0.953517 0.008112 0.036963
0 0.400235 0.711066 0.005934 0.016989
0 0.688146 0.588066 0.005933 0.016136
0 0.556717 0.932180 0.006544 0.040423
0 0.574188 0.955957 0.006967 0.036456
0 0.523536 0.844518 0.007231 0.027255
0 0.700484 0.548233 0.003133 0.013300
0 0.301311 0.720229 0.005783 0.011084
0 0.320630 0.710943 0.005071 0.010429
0 0.289231 0.715323 0.003668 0.008028
0 0.290166 0.716996 0.005735 0.011370
0 0.541199 0.839557 0.007679 0.030154
0 0.990823 0.995403 0.009364 0.008814
0 0.701799 0.902856 0.005656 0.016394
0 0.523118 0.653433 0.005425 0.009195
1 0.213187 0.312416 0.050784 0.108112
1 0.204526 0.410377 0.014686 0.008356
1 0.257089 0.967225 0.154706 0.056460
1 0.796493 0.582347 0.022621 0.020016
2 0.422646 0.710530 0.007468 0.004904