0 0.132412 0.830268 0.008926 0.031747
0 0.399620 0.808188 0.007893 0.030296
0 0.677224 0.921557 0.007841 0.041124
0 0.147204 0.838114 0.008859 0.030481
0 0.685602 0.932162 0.007239 0.020911
0 0.421439 0.799089 0.007132 0.027433
0 0.774562 0.536481 0.003517 0.017999
0 0.295426 0.688208 0.007286 0.014641
0 0.954654 0.484271 0.003780 0.022428
0 0.787465 0.816190 0.006808 0.025080
0 0.882978 0.505536 0.003655 0.015003
0 0.922925 0.499994 0.004601 0.008647
0 0.329964 0.709869 0.004884 0.011254
0 0.965584 0.481688 0.004095 0.016445
0 0.946220 0.484309 0.003953 0.021001
1 0.208424 0.310752 0.050104 0.105244
1 0.817821 0.471672 0.026445 0.032924
1 0.254053 0.968801 0.161349 0.059789
1 0.291804 0.977875 0.085516 0.043199