0 0.688810 0.935207 0.007384 0.019454
0 0.502895 0.887372 0.006500 0.023039
0 0.846143 0.989644 0.007342 0.020241
0 0.829669 0.586524 0.006694 0.011355
0 0.820201 0.586856 0.004250 0.011023
0 0.800738 0.590081 0.003288 0.004603
0 0.357315 0.701304 0.007822 0.013677
0 0.655151 0.859883 0.008444 0.037308
0 0.709012 0.713844 0.006093 0.015089
1 0.205674 0.312917 0.051995 0.107456
1 0.581914 0.418829 0.040913 0.049377
1 0.604452 0.350429 0.086106 0.187555
1 0.604356 0.421007 0.085840 0.046381
1 0.203375 0.410980 0.015599 0.008367