1 0.6835774058577406 0.6138888888888889 0.006799163179916318 0.022222222222222223
1 0.7094665271966527 0.5976851851851852 0.004707112970711297 0.020370370370370372
1 0.42180962343096234 0.899074074074074 0.007322175732217573 0.03796296296296296
1 0.7497384937238494 0.7402777777777778 0.005753138075313808 0.027777777777777776
1 0.4024581589958159 0.9055555555555556 0.00889121338912134 0.040740740740740744
1 0.8572175732217573 0.6773148148148148 0.006799163179916318 0.030555555555555555
1 0.7416317991631799 0.7393518518518518 0.006276150627615063 0.02962962962962963
1 0.9165794979079498 0.6472222222222223 0.004707112970711297 0.021296296296296296
1 0.6759937238493724 0.6162037037037037 0.0036610878661087866 0.016666666666666666
0 0.1705020920502092 0.32083333333333336 0.0397489539748954 0.11018518518518519
0 0.23117154811715482 0.2814814814814815 0.03085774058577406 0.06851851851851852
0 0.19011506276150628 0.4199074074074074 0.010983263598326359 0.01574074074074074
1 0.8967050209205021 0.6592592592592592 0.005753138075313808 0.027777777777777776
1 0.7701359832635983 0.774074074074074 0.007845188284518828 0.02962962962962963
1 0.6969142259414226 0.8231481481481482 0.01307531380753138 0.018518518518518517
1 0.6859309623430963 0.8282407407407407 0.01202928870292887 0.019444444444444445
1 0.6587343096234309 0.9097222222222222 0.00993723849372385 0.019444444444444445
1 0.8192991631799164 0.7587962962962963 0.006799163179916318 0.023148148148148147
1 0.9113493723849372 0.5263888888888889 0.005753138075313808 0.012037037037037037
2 0.38859832635983266 0.3611111111111111 0.015690376569037656 0.005555555555555556
1 0.8498953974895398 0.7791666666666667 0.007322175732217573 0.019444444444444445
1 0.9032426778242678 0.6550925925925926 0.0041841004184100415 0.019444444444444445