1 0.4176255230125523 0.7458333333333333 0.006799163179916318 0.03148148148148148
1 0.375 0.8037037037037037 0.006276150627615063 0.032407407407407406
1 0.31563807531380755 0.7703703703703704 0.006799163179916318 0.027777777777777776
1 0.40951882845188287 0.7467592592592592 0.005230125523012552 0.02962962962962963
1 0.8093619246861925 0.5296296296296297 0.006276150627615063 0.021296296296296296
1 0.6791317991631799 0.6291666666666667 0.004707112970711297 0.024074074074074074
1 0.42887029288702927 0.8773148148148148 0.00993723849372385 0.04259259259259259
1 0.6830543933054394 0.6273148148148148 0.0041841004184100415 0.023148148148148147
1 0.4364539748953975 0.8842592592592593 0.006276150627615063 0.028703703703703703
1 0.018043933054393304 0.9657407407407408 0.00889121338912134 0.017592592592592594
1 0.09021966527196652 0.9939814814814815 0.006276150627615063 0.011111111111111112
1 0.372907949790795 0.8212962962962963 0.008368200836820083 0.012962962962962963
0 0.19717573221757323 0.3138888888888889 0.05073221757322176 0.10740740740740741
0 0.2547071129707113 0.2824074074074074 0.03556485355648536 0.07407407407407407
0 0.00444560669456067 0.2884259259259259 0.007322175732217573 0.024074074074074074
0 0.20345188284518828 0.4125 0.015690376569037656 0.013888888888888888
1 0.6616108786610879 0.9125 0.010460251046025104 0.021296296296296296
1 0.6851464435146444 0.8268518518518518 0.008368200836820083 0.018518518518518517
1 0.6639644351464435 0.8416666666666667 0.007845188284518828 0.016666666666666666
0 0.7473849372384938 0.26435185185185184 0.008368200836820083 0.004629629629629629
1 0.7628138075313807 0.7847222222222222 0.01307531380753138 0.021296296296296296
1 0.7722280334728033 0.7763888888888889 0.014121338912133892 0.021296296296296296