1 0.5577928870292888 0.6712962962962963 0.006276150627615063 0.026851851851851852
1 0.5277196652719666 0.6995370370370371 0.006799163179916318 0.028703703703703703
1 0.016997907949790794 0.9606481481481481 0.007845188284518828 0.009259259259259259
1 0.17285564853556484 0.9782407407407407 0.013598326359832637 0.03981481481481482
1 0.8914748953974896 0.6652777777777777 0.005753138075313808 0.021296296296296296
1 0.2907949790794979 0.7231481481481481 0.006276150627615063 0.011111111111111112
1 0.12264644351464435 0.9930555555555556 0.007845188284518828 0.012962962962962963
1 0.8987970711297071 0.663425925925926 0.005753138075313808 0.019444444444444445
1 0.8548640167364017 0.6856481481481481 0.006276150627615063 0.019444444444444445
1 0.609571129707113 0.7430555555555556 0.010983263598326359 0.022222222222222223
1 0.30177824267782427 0.7180555555555556 0.0041841004184100415 0.010185185185185186
1 0.41736401673640167 0.6861111111111111 0.0031380753138075313 0.012962962962962963
0 0.21286610878661089 0.30787037037037035 0.047594142259414225 0.10277777777777777
0 0.20423640167364016 0.40555555555555556 0.014644351464435146 0.007407407407407408
1 0.7630753138075314 0.7828703703703703 0.006276150627615063 0.026851851851851852
1 0.7706589958158996 0.7796296296296297 0.006799163179916318 0.022222222222222223
1 0.7863493723849372 0.7694444444444445 0.00993723849372385 0.022222222222222223
1 0.7073744769874477 0.8310185185185185 0.00889121338912134 0.04722222222222222
1 0.6903765690376569 0.8449074074074074 0.009414225941422594 0.03981481481481482
1 0.6736401673640168 0.8490740740740741 0.009414225941422594 0.02962962962962963
1 0.6595188284518828 0.8550925925925926 0.008368200836820083 0.028703703703703703
1 0.6440899581589958 0.8680555555555556 0.00889121338912134 0.03796296296296296
1 0.632060669456067 0.8583333333333333 0.006799163179916318 0.03148148148148148
1 0.6153242677824268 0.8606481481481482 0.005753138075313808 0.012037037037037037
1 0.7952405857740585 0.5361111111111111 0.006799163179916318 0.025925925925925925
1 0.5700836820083682 0.6166666666666667 0.0031380753138075313 0.009259259259259259
1 0.37813807531380755 0.9175925925925926 0.009414225941422594 0.03518518518518519
1 0.4309623430962343 0.8861111111111111 0.006276150627615063 0.03888888888888889
1 0.7021443514644351 0.6671296296296296 0.00889121338912134 0.012037037037037037
1 0.9503138075313807 0.5009259259259259 0.0031380753138075313 0.018518518518518517
1 0.8399581589958159 0.8893518518518518 0.010460251046025104 0.017592592592592594