1 0.7384937238493724 0.5898148148148148 0.006276150627615063 0.021296296296296296
1 0.5742677824267782 0.6810185185185185 0.005230125523012552 0.024074074074074074
1 0.21914225941422594 0.9027777777777778 0.00889121338912134 0.021296296296296296
1 0.6807008368200836 0.8782407407407408 0.005753138075313808 0.013888888888888888
1 0.37787656903765693 0.9097222222222222 0.007322175732217573 0.037037037037037035
1 0.6514121338912134 0.9189814814814815 0.007845188284518828 0.019444444444444445
1 0.5146443514644351 0.5643518518518519 0.04288702928870293 0.05648148148148148
1 0.3172071129707113 0.7222222222222222 0.007322175732217573 0.010185185185185186
0 0.08315899581589958 0.33240740740740743 0.047594142259414225 0.11018518518518519
1 0.29471757322175735 0.711574074074074 0.005753138075313808 0.010185185185185186
0 0.12630753138075315 0.42824074074074076 0.01307531380753138 0.017592592592592594
1 0.5057531380753139 0.8537037037037037 0.005230125523012552 0.037037037037037035
1 0.5146443514644351 0.8523148148148149 0.007322175732217573 0.026851851851851852
1 0.6731171548117155 0.7819444444444444 0.006276150627615063 0.023148148148148147
1 0.6618723849372385 0.8537037037037037 0.005753138075313808 0.03518518518518519
1 0.6825313807531381 0.9351851851851852 0.0041841004184100415 0.011111111111111112
1 0.6888075313807531 0.9305555555555556 0.0031380753138075313 0.009259259259259259
1 0.7445083682008368 0.5930555555555556 0.004707112970711297 0.01574074074074074
1 0.9714958158995816 0.5222222222222223 0.006799163179916318 0.011111111111111112
1 0.5687761506276151 0.6810185185185185 0.004707112970711297 0.023148148148148147
1 0.7256799163179917 0.6101851851851852 0.005753138075313808 0.016666666666666666
1 0.622907949790795 0.9518518518518518 0.014644351464435146 0.020370370370370372