1 0.5800209205020921 0.9569444444444445 0.010983263598326359 0.03148148148148148
1 0.33028242677824265 0.9356481481481481 0.00889121338912134 0.03611111111111111
1 0.4618200836820084 0.924074074074074 0.00993723849372385 0.020370370370370372
1 0.4524058577405858 0.925 0.00993723849372385 0.026851851851851852
1 0.850418410041841 0.7101851851851851 0.005753138075313808 0.03148148148148148
1 0.19639121338912133 0.9800925925925926 0.012552301255230125 0.03888888888888889
1 0.38833682008368203 0.9125 0.007322175732217573 0.03425925925925926
1 0.6901150627615062 0.9569444444444445 0.00889121338912134 0.027777777777777776
1 0.7635983263598326 0.5935185185185186 0.004707112970711297 0.020370370370370372
1 0.45109832635983266 0.8916666666666667 0.005230125523012552 0.023148148148148147
1 0.3360355648535565 0.9347222222222222 0.020397489539748955 0.037037037037037035
1 0.6145397489539749 0.8592592592592593 0.007845188284518828 0.018518518518518517
1 0.19848326359832635 0.9777777777777777 0.008368200836820083 0.025925925925925925
0 0.10747907949790796 0.32916666666666666 0.03085774058577406 0.1111111111111111
0 0.8049163179916318 0.3800925925925926 0.09205020920502092 0.25277777777777777
0 0.1647489539748954 0.4212962962962963 0.012552301255230125 0.014814814814814815
1 0.8590481171548117 0.6222222222222222 0.005753138075313808 0.025925925925925925
1 0.8689853556485355 0.6189814814814815 0.005753138075313808 0.025
1 0.6974372384937239 0.9069444444444444 0.00889121338912134 0.013888888888888888
1 0.6501046025104602 0.9013888888888889 0.007322175732217573 0.017592592592592594
1 0.6537656903765691 0.9087962962962963 0.006276150627615063 0.021296296296296296
1 0.6082635983263598 0.8634259259259259 0.005230125523012552 0.012037037037037037
1 0.6976987447698745 0.9652777777777778 0.006276150627615063 0.025
1 0.5319037656903766 0.7388888888888889 0.006276150627615063 0.014814814814814815