1 0.3200836820083682 0.8083333333333333 0.005753138075313808 0.03611111111111111
1 0.6953451882845189 0.6023148148148149 0.004707112970711297 0.023148148148148147
1 0.22384937238493724 0.9745370370370371 0.00993723849372385 0.037037037037037035
1 0.23901673640167365 0.9699074074074074 0.00993723849372385 0.030555555555555555
1 0.363755230125523 0.8462962962962963 0.014121338912133892 0.021296296296296296
1 0.28451882845188287 0.8671296296296296 0.008368200836820083 0.019444444444444445
1 0.29210251046025104 0.8583333333333333 0.007322175732217573 0.014814814814814815
1 0.9874476987447699 0.987037037037037 0.014121338912133892 0.025925925925925925
1 0.712081589958159 0.6703703703703704 0.006799163179916318 0.017592592592592594
1 0.3598326359832636 0.8453703703703703 0.007322175732217573 0.019444444444444445
1 0.17939330543933055 0.9125 0.007322175732217573 0.022222222222222223
1 0.18802301255230125 0.913425925925926 0.01307531380753138 0.021296296296296296
1 0.9259937238493724 0.6435185185185185 0.005230125523012552 0.014814814814814815
1 0.8765690376569037 0.6712962962962963 0.0041841004184100415 0.023148148148148147
0 0.21469665271966526 0.31157407407407406 0.047594142259414225 0.10740740740740741
0 0.40559623430962344 0.28425925925925927 0.036610878661087864 0.08796296296296297
0 0.2073744769874477 0.40879629629629627 0.015167364016736401 0.012037037037037037
1 0.06040794979079498 0.9486111111111111 0.01202928870292887 0.030555555555555555
1 0.805439330543933 0.8083333333333333 0.005230125523012552 0.016666666666666666
1 0.8098849372384938 0.8245370370370371 0.004707112970711297 0.01574074074074074
1 0.8164225941422594 0.8060185185185185 0.005230125523012552 0.01574074074074074
1 0.8313284518828452 0.8152777777777778 0.007845188284518828 0.025
1 0.888336820083682 0.6675925925925926 0.0036610878661087866 0.027777777777777776
1 0.8917364016736402 0.6648148148148149 0.0041841004184100415 0.025925925925925925
1 0.865847280334728 0.6768518518518518 0.005753138075313808 0.024074074074074074
1 0.7533995815899581 0.6310185185185185 0.01202928870292887 0.017592592592592594
1 0.6419979079497908 0.7148148148148148 0.007845188284518828 0.014814814814814815