1 0.2847803347280335 0.8546296296296296 0.009414225941422594 0.020370370370370372
1 0.2915794979079498 0.8523148148148149 0.005230125523012552 0.022222222222222223
1 0.9228556485355649 0.5064814814814815 0.0036610878661087866 0.017592592592592594
1 0.8250523012552301 0.5773148148148148 0.005230125523012552 0.025925925925925925
1 0.9275627615062761 0.5069444444444444 0.0036610878661087866 0.017592592592592594
1 0.9176255230125523 0.5092592592592593 0.0041841004184100415 0.013888888888888888
1 0.7466004184100419 0.5643518518518519 0.006276150627615063 0.018518518518518517
1 0.5290271966527197 0.7532407407407408 0.006799163179916318 0.01574074074074074
1 0.5232740585774058 0.7509259259259259 0.004707112970711297 0.009259259259259259
1 0.8185146443514645 0.5851851851851851 0.005753138075313808 0.013888888888888888
0 0.20528242677824268 0.30833333333333335 0.047594142259414225 0.10092592592592593
0 0.6587343096234309 0.36435185185185187 0.021443514644351465 0.010185185185185186
0 0.20109832635983263 0.4046296296296296 0.014644351464435146 0.007407407407407408
1 0.7262029288702929 0.5601851851851852 0.0036610878661087866 0.007407407407407408
1 0.6325836820083682 0.8625 0.004707112970711297 0.026851851851851852
1 0.6464435146443515 0.861574074074074 0.007322175732217573 0.028703703703703703
1 0.6503661087866108 0.8930555555555556 0.007845188284518828 0.013888888888888888
1 0.6595188284518828 0.8939814814814815 0.008368200836820083 0.026851851851851852
1 0.613755230125523 0.862037037037037 0.004707112970711297 0.011111111111111112
1 0.6061715481171548 0.8638888888888889 0.006276150627615063 0.007407407407407408
1 0.6506276150627615 0.9851851851851852 0.016736401673640166 0.011111111111111112
1 0.7071129707112971 0.9175925925925926 0.005230125523012552 0.012962962962962963
1 0.7204497907949791 0.9226851851851852 0.006799163179916318 0.010185185185185186
1 0.7630753138075314 0.7847222222222222 0.011506276150627616 0.021296296296296296
1 0.7701359832635983 0.7773148148148148 0.00889121338912134 0.021296296296296296
1 0.7892259414225942 0.7694444444444445 0.012552301255230125 0.020370370370370372
1 0.11480125523012552 0.9402777777777778 0.01307531380753138 0.017592592592592594
1 0.12813807531380753 0.9347222222222222 0.012552301255230125 0.017592592592592594