1 0.672071129707113 0.9162037037037037 0.00993723849372385 0.037037037037037035
1 0.6333682008368201 0.6027777777777777 0.004707112970711297 0.019444444444444445
1 0.36767782426778245 0.9342592592592592 0.007845188284518828 0.037037037037037035
1 0.6835774058577406 0.6166666666666667 0.004707112970711297 0.021296296296296296
1 0.7303870292887029 0.612037037037037 0.004707112970711297 0.025
1 0.4688807531380753 0.9143518518518519 0.005230125523012552 0.030555555555555555
1 0.6168933054393305 0.6712962962962963 0.005230125523012552 0.025925925925925925
1 0.6200313807531381 0.6643518518518519 0.0041841004184100415 0.025925925925925925
1 0.46129707112970714 0.913425925925926 0.00889121338912134 0.03425925925925926
1 0.6582112970711297 0.912962962962963 0.00889121338912134 0.021296296296296296
1 0.4500523012552301 0.9111111111111111 0.00889121338912134 0.03333333333333333
1 0.44168410041841005 0.9120370370370371 0.008368200836820083 0.026851851851851852
0 0.18200836820083682 0.3194444444444444 0.04654811715481171 0.11018518518518519
0 0.19717573221757323 0.28703703703703703 0.01778242677824268 0.0712962962962963
0 0.2850418410041841 0.29907407407407405 0.01778242677824268 0.005555555555555556
0 0.19560669456066945 0.4162037037037037 0.013598326359832637 0.01574074074074074
1 0.9050732217573222 0.524074074074074 0.007845188284518828 0.012962962962962963
1 0.6835774058577406 0.8273148148148148 0.009414225941422594 0.01574074074074074
1 0.6969142259414226 0.8240740740740741 0.007845188284518828 0.020370370370370372
1 0.7936715481171548 0.775 0.004707112970711297 0.037037037037037035
1 0.6148012552301255 0.8601851851851852 0.007845188284518828 0.011111111111111112
1 0.40376569037656906 0.9185185185185185 0.007322175732217573 0.024074074074074074
1 0.4450836820083682 0.8736111111111111 0.007322175732217573 0.028703703703703703
1 0.8172071129707112 0.7097222222222223 0.005753138075313808 0.021296296296296296