1 0.13389121338912133 0.7087962962962963 0.011506276150627616 0.028703703703703703
1 0.5876046025104602 0.8435185185185186 0.007322175732217573 0.03518518518518519
1 0.587081589958159 0.6782407407407407 0.006276150627615063 0.026851851851851852
1 0.6668410041841004 0.9226851851851852 0.009414225941422594 0.032407407407407406
1 0.19011506276150628 0.9796296296296296 0.017259414225941423 0.03981481481481482
1 0.805439330543933 0.5337962962962963 0.004707112970711297 0.019444444444444445
1 0.6532426778242678 0.8953703703703704 0.00993723849372385 0.023148148148148147
1 0.6731171548117155 0.9106481481481481 0.00889121338912134 0.021296296296296296
0 0.13493723849372385 0.32685185185185184 0.023535564853556484 0.11481481481481481
0 0.6032949790794979 0.3333333333333333 0.018305439330543932 0.007407407407407408
0 0.19926778242677826 0.4148148148148148 0.015690376569037656 0.010185185185185186
2 0.13598326359832635 0.7222222222222222 0.024581589958158997 0.011111111111111112
1 0.6838389121338913 0.9074074074074074 0.007845188284518828 0.018518518518518517
1 0.6587343096234309 0.8513888888888889 0.01307531380753138 0.026851851851851852
1 0.32819037656903766 0.9435185185185185 0.007845188284518828 0.03333333333333333
1 0.6869769874476988 0.7712962962962963 0.005753138075313808 0.027777777777777776