1 0.020135983263598327 0.9263888888888889 0.010983263598326359 0.025
1 0.3668933054393305 0.825462962962963 0.009414225941422594 0.022222222222222223
1 0.4194560669456067 0.8888888888888888 0.00889121338912134 0.04259259259259259
1 0.5185669456066946 0.8439814814814814 0.00889121338912134 0.03796296296296296
1 0.6035564853556485 0.6125 0.004707112970711297 0.016666666666666666
1 0.7330020920502092 0.7513888888888889 0.006276150627615063 0.019444444444444445
1 0.41344142259414224 0.8916666666666667 0.007322175732217573 0.03888888888888889
1 0.6908995815899581 0.9291666666666667 0.007322175732217573 0.014814814814814815
1 0.6684100418410042 0.9101851851851852 0.006799163179916318 0.021296296296296296
1 0.48064853556485354 0.6671296296296296 0.002615062761506276 0.011111111111111112
1 0.7669979079497908 0.7314814814814815 0.005753138075313808 0.02962962962962963
1 0.7212343096234309 0.7578703703703704 0.006276150627615063 0.019444444444444445
1 0.740847280334728 0.538425925925926 0.0041841004184100415 0.011111111111111112
1 0.6655334728033473 0.9226851851851852 0.00993723849372385 0.018518518518518517
1 0.8451882845188284 0.7870370370370371 0.007845188284518828 0.025
0 0.2073744769874477 0.3087962962962963 0.04707112970711297 0.10185185185185185
0 0.2055439330543933 0.40694444444444444 0.013598326359832637 0.010185185185185186
1 0.11558577405857741 0.9393518518518519 0.010460251046025104 0.019444444444444445
1 0.12735355648535565 0.9342592592592592 0.010983263598326359 0.018518518518518517
1 0.7013598326359832 0.867287037037037 0.008017782426778242 0.013583333333333333
1 0.8646495815899582 0.7962962962962963 0.018305439330543932 0.017194444444444446
1 0.7712552301255231 0.7771203703703703 0.011579497907949791 0.019842592592592592
1 0.7632269874476987 0.78175 0.00821652719665272 0.019842592592592592
1 0.6502144351464435 0.7867037037037037 0.005601464435146444 0.025796296296296296
1 0.6584361924686193 0.7883611111111111 0.0048587866108786605 0.021166666666666667
1 0.4877092050209205 0.6660092592592592 0.010088912133891213 0.017194444444444446
1 0.8485878661087866 0.5453055555555555 0.004110878661087866 0.019175925925925926
1 0.8739905857740585 0.5102500000000001 0.001867154811715481 0.015212962962962963
1 0.8698797071129707 0.5122314814814816 0.002615062761506276 0.013888888888888888
1 0.6518985355648536 0.9864444444444443 0.020172594142259415 0.01786111111111111
1 0.7264644351464435 0.5972222222222222 0.008368200836820083 0.012962962962962963
1 0.5831589958158996 0.7384259259259259 0.0031380753138075313 0.008333333333333333
1 0.674163179916318 0.6902777777777778 0.007322175732217573 0.012037037037037037
1 0.702928870292887 0.6680555555555555 0.008368200836820083 0.010185185185185186
1 0.7377092050209205 0.6356481481481482 0.004707112970711297 0.01574074074074074