1 0.3580020920502092 0.8092592592592592 0.006276150627615063 0.03425925925925926
1 0.29811715481171547 0.737037037037037 0.005753138075313808 0.020370370370370372
1 0.36715481171548114 0.8125 0.006276150627615063 0.025925925925925925
1 0.6731171548117155 0.924074074074074 0.00889121338912134 0.01574074074074074
1 0.6942991631799164 0.9194444444444444 0.007845188284518828 0.025
1 0.5277196652719666 0.8439814814814814 0.006799163179916318 0.026851851851851852
1 0.38676778242677823 0.812037037037037 0.007845188284518828 0.026851851851851852
1 0.6485355648535565 0.7916666666666666 0.006276150627615063 0.019444444444444445
1 0.45214435146443516 0.9305555555555556 0.006799163179916318 0.01574074074074074
0 0.20580543933054393 0.31296296296296294 0.04811715481171548 0.10648148148148148
1 0.2055439330543933 0.40694444444444444 0.014644351464435146 0.010185185185185186
0 0.9380230125523012 0.35462962962962963 0.06746861924686193 0.16574074074074074
1 0.5481171548117155 0.7226851851851852 0.007322175732217573 0.032407407407407406
1 0.6582112970711297 0.8486111111111111 0.00889121338912134 0.013888888888888888
1 0.6982217573221757 0.8240740740740741 0.013598326359832637 0.018518518518518517
1 0.7622907949790795 0.7847222222222222 0.010983263598326359 0.017592592592592594
1 0.772489539748954 0.7777777777777778 0.011506276150627616 0.020370370370370372
1 0.016997907949790794 0.9587962962962963 0.004707112970711297 0.006481481481481481
1 0.011244769874476987 0.8319444444444445 0.005753138075313808 0.025
1 0.74581589958159 0.5263888888888889 0.0031380753138075313 0.008333333333333333
1 0.7492154811715481 0.5254629629629629 0.0036610878661087866 0.010185185185185186
1 0.8880753138075314 0.49166666666666664 0.0020920502092050207 0.012962962962962963
1 0.8226987447698745 0.487962962962963 0.005230125523012552 0.009259259259259259
1 0.6655334728033473 0.8444444444444444 0.01202928870292887 0.014814814814814815
1 0.7212343096234309 0.9773148148148149 0.006276150627615063 0.010185185185185186