1 0.276673640167364 0.9569444444444445 0.009414225941422594 0.04351851851851852
1 0.32923640167364016 0.9384259259259259 0.00993723849372385 0.03611111111111111
1 0.3253138075313807 0.9282407407407407 0.005753138075313808 0.03333333333333333
1 0.9280857740585774 0.5111111111111111 0.0036610878661087866 0.01574074074074074
1 0.9364539748953975 0.5125 0.0041841004184100415 0.018518518518518517
1 0.8872907949790795 0.624537037037037 0.005230125523012552 0.023148148148148147
1 0.5575313807531381 0.9291666666666667 0.006276150627615063 0.018518518518518517
1 0.9249476987447699 0.5138888888888888 0.0036610878661087866 0.019444444444444445
1 0.8812761506276151 0.5074074074074074 0.002615062761506276 0.01574074074074074
1 0.9142259414225942 0.5921296296296297 0.005230125523012552 0.019444444444444445
1 0.578713389121339 0.9560185185185185 0.007322175732217573 0.028703703703703703
1 0.9176255230125523 0.5106481481481482 0.0036610878661087866 0.018518518518518517
1 0.5248430962343096 0.9583333333333334 0.007322175732217573 0.025925925925925925
1 0.8867677824267782 0.5074074074074074 0.0036610878661087866 0.014814814814814815
1 0.8783995815899581 0.5078703703703704 0.0031380753138075313 0.01574074074074074
1 0.915010460251046 0.5083333333333333 0.0036610878661087866 0.020370370370370372
1 0.8888598326359832 0.5060185185185185 0.002615062761506276 0.017592592592592594
1 0.8878138075313807 0.5064814814814815 0.0041841004184100415 0.017592592592592594
1 0.9118723849372385 0.5087962962962963 0.0031380753138075313 0.014814814814814815
1 0.5287656903765691 0.9555555555555556 0.006276150627615063 0.028703703703703703
0 0.0975418410041841 0.32916666666666666 0.04707112970711297 0.10925925925925926
0 0.7824267782426778 0.3972222222222222 0.10094142259414227 0.25
1 0.8360355648535565 0.5296296296296297 0.005753138075313808 0.018518518518518517
1 0.8389121338912134 0.5370370370370371 0.0041841004184100415 0.016666666666666666
1 0.9040271966527197 0.5055555555555555 0.0036610878661087866 0.016666666666666666
1 0.9069037656903766 0.5064814814814815 0.0020920502092050207 0.016666666666666666
0 0.14958158995815898 0.4287037037037037 0.013598326359832637 0.018518518518518517
1 0.4686192468619247 0.8731481481481481 0.005230125523012552 0.024074074074074074
1 0.5337343096234309 0.8458333333333333 0.006799163179916318 0.026851851851851852
1 0.5862970711297071 0.8152777777777778 0.005230125523012552 0.028703703703703703
1 0.5936192468619247 0.8175925925925925 0.005230125523012552 0.027777777777777776
1 0.9474372384937239 0.6273148148148148 0.0036610878661087866 0.017592592592592594
1 0.9254707112970711 0.6365740740740741 0.004707112970711297 0.019444444444444445