1 0.6678870292887029 0.6467592592592593 0.005753138075313808 0.02962962962962963
1 0.35172594142259417 0.7351851851851852 0.005753138075313808 0.028703703703703703
1 0.4563284518828452 0.874537037037037 0.00889121338912134 0.03981481481481482
1 0.27039748953974896 0.9643518518518519 0.005230125523012552 0.03148148148148148
1 0.6438284518828452 0.6912037037037037 0.007322175732217573 0.014814814814814815
1 0.2669979079497908 0.9657407407407408 0.013598326359832637 0.03425925925925926
1 0.26333682008368203 0.962037037037037 0.010983263598326359 0.041666666666666664
1 0.5015690376569037 0.887962962962963 0.009414225941422594 0.021296296296296296
0 0.7737970711297071 0.3287037037037037 0.07060669456066945 0.1537037037037037
0 0.17285564853556484 0.32083333333333336 0.04131799163179916 0.1111111111111111
0 0.6265690376569037 0.29212962962962963 0.00889121338912134 0.005555555555555556
0 0.19063807531380753 0.41574074074074074 0.010983263598326359 0.012962962962962963
1 0.6869769874476988 0.8277777777777777 0.01202928870292887 0.020370370370370372
1 0.6976987447698745 0.8240740740740741 0.013598326359832637 0.020370370370370372
1 0.7228033472803347 0.8722222222222222 0.008368200836820083 0.016666666666666666
1 0.6597803347280334 0.9106481481481481 0.01307531380753138 0.017592592592592594
1 0.834989539748954 0.8421296296296297 0.010983263598326359 0.017592592592592594
1 0.9066422594142259 0.5231481481481481 0.006799163179916318 0.011111111111111112
1 0.7643828451882845 0.7819444444444444 0.014121338912133892 0.019444444444444445
1 0.641213389121339 0.8916666666666667 0.005230125523012552 0.03333333333333333