1 0.8064853556485355 0.5435185185185185 0.0041841004184100415 0.018518518518518517
1 0.8020397489539749 0.5449074074074074 0.0036610878661087866 0.017592592592592594
1 0.6848849372384938 0.925 0.009414225941422594 0.028703703703703703
0 0.13049163179916318 0.325 0.023535564853556484 0.11296296296296296
0 0.6982217573221757 0.32731481481481484 0.028242677824267783 0.007407407407407408
0 0.18410041841004185 0.4185185185185185 0.007322175732217573 0.014814814814814815
1 0.8600941422594143 0.6305555555555555 0.005753138075313808 0.02962962962962963
1 0.7635983263598326 0.7837962962962963 0.007322175732217573 0.023148148148148147
1 0.6216004184100419 0.8601851851851852 0.005753138075313808 0.011111111111111112
1 0.6571652719665272 0.9106481481481481 0.00889121338912134 0.017592592592592594
1 0.6626569037656904 0.9055555555555556 0.007322175732217573 0.016666666666666666
1 0.6302301255230126 0.987037037037037 0.008368200836820083 0.024074074074074074