1 0.7042364016736402 0.8333333333333334 0.007845188284518828 0.03611111111111111
1 0.7131276150627615 0.9666666666666667 0.006276150627615063 0.02962962962962963
1 0.729602510460251 0.9782407407407407 0.00889121338912134 0.021296296296296296
0 0.12761506276150628 0.32685185185185184 0.02405857740585774 0.11388888888888889
0 0.17024058577405857 0.4217592592592593 0.00889121338912134 0.013888888888888888
1 0.7996861924686193 0.6884259259259259 0.009414225941422594 0.01574074074074074
1 0.9076882845188284 0.524537037037037 0.005753138075313808 0.012037037037037037
1 0.6953451882845189 0.8240740740740741 0.00993723849372385 0.016666666666666666
1 0.6746861924686193 0.9268518518518518 0.006276150627615063 0.012962962962962963
1 0.6841004184100419 0.9282407407407407 0.007322175732217573 0.010185185185185186
1 0.8893828451882845 0.6620370370370371 0.0036610878661087866 0.025925925925925925
1 0.8925209205020921 0.6625 0.0036610878661087866 0.019444444444444445
0 0.7392782426778243 0.31666666666666665 0.007845188284518828 0.009259259259259259
0 0.9058577405857741 0.3351851851851852 0.02092050209205021 0.007407407407407408