1 0.5980648535564853 0.675 0.005230125523012552 0.026851851851851852
1 0.5826359832635983 0.9518518518518518 0.009414225941422594 0.03333333333333333
1 0.6786087866108786 0.9287037037037037 0.010983263598326359 0.024074074074074074
1 0.7225418410041841 0.9685185185185186 0.007845188284518828 0.027777777777777776
1 0.7005753138075314 0.6032407407407407 0.006276150627615063 0.022222222222222223
1 0.6163702928870293 0.8462962962962963 0.005230125523012552 0.021296296296296296
1 0.7149581589958159 0.9120370370370371 0.005753138075313808 0.019444444444444445
1 0.640428870292887 0.9018518518518519 0.007845188284518828 0.01574074074074074
0 0.12290794979079497 0.3282407407407407 0.026673640167364017 0.11203703703703703
0 0.19560669456066945 0.41574074074074074 0.015167364016736401 0.010185185185185186
1 0.4411610878661088 0.8865740740740741 0.006799163179916318 0.03611111111111111
1 0.44952928870292885 0.8925925925925926 0.00889121338912134 0.037037037037037035
1 0.6268305439330544 0.7967592592592593 0.004707112970711297 0.028703703703703703
1 0.584989539748954 0.8439814814814814 0.006799163179916318 0.03611111111111111
1 0.712081589958159 0.8759259259259259 0.007845188284518828 0.018518518518518517
1 0.7246338912133892 0.875462962962963 0.006799163179916318 0.013888888888888888
1 0.7162656903765691 0.8856481481481482 0.007845188284518828 0.01574074074074074
1 0.6969142259414226 0.961574074074074 0.0036610878661087866 0.012037037037037037
1 0.6715481171548117 0.9828703703703704 0.009414225941422594 0.03425925925925926
1 0.6516736401673641 0.9064814814814814 0.010460251046025104 0.016666666666666666