1 0.6908995815899581 0.9611111111111111 0.010983263598326359 0.025925925925925925
1 0.5596234309623431 0.8268518518518518 0.006276150627615063 0.02962962962962963
1 0.1694560669456067 0.9828703703703704 0.007845188284518828 0.02962962962962963
1 0.18802301255230125 0.9787037037037037 0.00993723849372385 0.027777777777777776
0 0.10852510460251046 0.32407407407407407 0.04602510460251046 0.1037037037037037
0 0.3619246861924686 0.29583333333333334 0.04654811715481171 0.1037037037037037
0 0.377092050209205 0.37222222222222223 0.03085774058577406 0.010185185185185186
0 0.9233786610878661 0.34953703703703703 0.03190376569037657 0.17962962962962964
0 0.11218619246861924 0.4273148148148148 0.014121338912133892 0.010185185185185186
0 0.2348326359832636 0.3888888888888889 0.032426778242677826 0.011111111111111112
1 0.921286610878661 0.6412037037037037 0.004707112970711297 0.021296296296296296