1 0.5394874476987448 0.9453703703703704 0.007845188284518828 0.04722222222222222
1 0.649581589958159 0.8717592592592592 0.007322175732217573 0.040740740740740744
1 0.5439330543933054 0.837037037037037 0.007845188284518828 0.04537037037037037
1 0.5201359832635983 0.725 0.006799163179916318 0.037037037037037035
1 0.22463389121338911 0.9638888888888889 0.013598326359832637 0.05185185185185185
1 0.1174163179916318 0.9893518518518518 0.011506276150627616 0.020370370370370372
0 0.0928347280334728 0.3300925925925926 0.04707112970711297 0.1111111111111111
0 0.23247907949790794 0.2916666666666667 0.026673640167364017 0.08333333333333333
0 0.12395397489539749 0.42962962962962964 0.013598326359832637 0.014814814814814815
1 0.6448744769874477 0.7875 0.005230125523012552 0.021296296296296296
1 0.8611401673640168 0.6222222222222222 0.00993723849372385 0.044444444444444446