0 0.5355648535564853 0.3013888888888889 0.036610878661087864 0.12222222222222222
0 0.09126569037656904 0.3300925925925926 0.04707112970711297 0.11018518518518519
0 0.5447175732217573 0.3013888888888889 0.018305439330543932 0.12037037037037036
1 0.5196129707112971 0.6930555555555555 0.007845188284518828 0.03425925925925926
1 0.9233786610878661 0.5268518518518519 0.00889121338912134 0.014814814814814815
1 0.8666317991631799 0.6722222222222223 0.0041841004184100415 0.020370370370370372
1 0.8736924686192469 0.6694444444444444 0.0036610878661087866 0.016666666666666666
1 0.8799686192468619 0.6685185185185185 0.002615062761506276 0.012962962962962963
0 0.11480125523012552 0.4273148148148148 0.015167364016736401 0.013888888888888888
0 0.3532949790794979 0.3435185185185185 0.00889121338912134 0.009259259259259259
1 0.5049686192468619 0.8523148148148149 0.004707112970711297 0.023148148148148147
1 0.8433577405857741 0.8189814814814815 0.007845188284518828 0.03611111111111111
1 0.5353033472803347 0.8648148148148148 0.00889121338912134 0.024074074074074074