1 0.3054393305439331 0.9583333333333334 0.012552301255230125 0.020370370370370372
1 0.6749476987447699 0.6152777777777778 0.005753138075313808 0.025
1 0.3182531380753138 0.9425925925925925 0.008368200836820083 0.040740740740740744
1 0.4592050209205021 0.8967592592592593 0.008368200836820083 0.03888888888888889
1 0.6618723849372385 0.6078703703703704 0.0041841004184100415 0.025
1 0.35486401673640167 0.8671296296296296 0.009414225941422594 0.019444444444444445
1 0.2395397489539749 0.9675925925925926 0.010460251046025104 0.04351851851851852
1 0.6791317991631799 0.9310185185185185 0.009414225941422594 0.024074074074074074
1 0.12944560669456068 0.9310185185185185 0.014644351464435146 0.030555555555555555
1 0.6942991631799164 0.924074074074074 0.010460251046025104 0.021296296296296296
1 0.6527196652719666 0.6138888888888889 0.006799163179916318 0.011111111111111112
1 0.34911087866108786 0.8569444444444444 0.004707112970711297 0.017592592592592594
1 0.8284518828451883 0.5777777777777777 0.0041841004184100415 0.019444444444444445
1 0.3195606694560669 0.9560185185185185 0.006276150627615063 0.01574074074074074
1 0.2918410041841004 0.8527777777777777 0.005753138075313808 0.022222222222222223
1 0.33760460251046026 0.8671296296296296 0.006276150627615063 0.009259259259259259
1 0.33289748953974896 0.8777777777777778 0.0036610878661087866 0.01574074074074074
1 0.3378661087866109 0.874537037037037 0.010460251046025104 0.022222222222222223
1 0.8250523012552301 0.575462962962963 0.0041841004184100415 0.023148148148148147
1 0.2850418410041841 0.8546296296296296 0.00993723849372385 0.020370370370370372
0 0.21155857740585773 0.30833333333333335 0.04602510460251046 0.10185185185185185
0 0.20109832635983263 0.40555555555555556 0.014121338912133892 0.012962962962962963
2 0.6477510460251046 0.6212962962962963 0.00889121338912134 0.009259259259259259
1 0.5214435146443515 0.7532407407407408 0.007322175732217573 0.01574074074074074
1 0.5300732217573222 0.7518518518518519 0.005753138075313808 0.011111111111111112
1 0.7314330543933054 0.5351851851851852 0.004707112970711297 0.009259259259259259
1 0.7398012552301255 0.538425925925926 0.004707112970711297 0.013888888888888888
1 0.7018828451882845 0.6675925925925926 0.008368200836820083 0.014814814814814815
1 0.6600418410041841 0.8902777777777777 0.008368200836820083 0.021296296296296296
1 0.6519351464435147 0.8930555555555556 0.00889121338912134 0.023148148148148147
1 0.632060669456067 0.8611111111111112 0.004707112970711297 0.018518518518518517
1 0.6417364016736402 0.8629629629629629 0.010460251046025104 0.022222222222222223
1 0.685407949790795 0.8273148148148148 0.01307531380753138 0.019444444444444445
1 0.7635983263598326 0.7842592592592592 0.012552301255230125 0.024074074074074074
1 0.7709205020920502 0.7791666666666667 0.010460251046025104 0.023148148148148147
1 0.7876569037656904 0.7680555555555556 0.007322175732217573 0.017592592592592594
1 0.6482740585774058 0.9842592592592593 0.018305439330543932 0.012962962962962963
1 0.22358786610878661 0.9597222222222223 0.010983263598326359 0.049074074074074076
1 0.7944560669456067 0.9314814814814815 0.008368200836820083 0.020370370370370372
1 0.9210251046025104 0.44166666666666665 0.0031380753138075313 0.011111111111111112
1 0.9267782426778243 0.4393518518518518 0.0041841004184100415 0.013888888888888888
1 0.11480125523012552 0.9402777777777778 0.01202928870292887 0.019444444444444445