1 0.4215481171548117 0.7291666666666666 0.006799163179916318 0.030555555555555555
1 0.4356694560669456 0.725462962962963 0.007322175732217573 0.025925925925925925
1 0.6053870292887029 0.836574074074074 0.007845188284518828 0.03611111111111111
0 0.5991108786610879 0.30462962962962964 0.049163179916317995 0.1259259259259259
0 0.15141213389121339 0.324537037037037 0.027719665271966527 0.11296296296296296
0 0.6660564853556485 0.3236111111111111 0.028765690376569036 0.009259259259259259
0 0.19377615062761505 0.41435185185185186 0.01202928870292887 0.013888888888888888
1 0.9087343096234309 0.525 0.00993723849372385 0.009259259259259259
1 0.6529811715481172 0.9055555555555556 0.006799163179916318 0.018518518518518517
1 0.6576882845188284 0.9101851851851852 0.006799163179916318 0.016666666666666666
1 0.8493723849372385 0.8166666666666667 0.007322175732217573 0.018518518518518517
1 0.7630753138075314 0.7800925925925926 0.012552301255230125 0.023148148148148147
1 0.6752092050209205 0.9268518518518518 0.012552301255230125 0.014814814814814815
1 0.6618723849372385 0.9254629629629629 0.006799163179916318 0.012037037037037037