1 0.5614539748953975 0.7138888888888889 0.006799163179916318 0.030555555555555555
1 0.5538702928870293 0.7129629629629629 0.005753138075313808 0.030555555555555555
1 0.8423117154811716 0.8902777777777777 0.009414225941422594 0.022222222222222223
1 0.39513598326359833 0.7092592592592593 0.005753138075313808 0.018518518518518517
1 0.02065899581589958 0.8444444444444444 0.006799163179916318 0.024074074074074074
1 0.004968619246861925 0.8412037037037037 0.008368200836820083 0.027777777777777776
1 0.5507322175732218 0.8564814814814815 0.005230125523012552 0.025925925925925925
0 0.2065899581589958 0.3087962962962963 0.047594142259414225 0.10185185185185185
0 0.20319037656903766 0.4060185185185185 0.015167364016736401 0.009259259259259259
1 0.6043410041841004 0.7416666666666667 0.006799163179916318 0.012962962962962963
1 0.8972280334728033 0.6620370370370371 0.004707112970711297 0.022222222222222223
1 0.9024581589958159 0.662962962962963 0.004707112970711297 0.022222222222222223
1 0.6417364016736402 0.9009259259259259 0.008368200836820083 0.020370370370370372
1 0.6958682008368201 0.8231481481481482 0.005753138075313808 0.016666666666666666
1 0.7680439330543933 0.7796296296296297 0.004707112970711297 0.022222222222222223
1 0.7876569037656904 0.7712962962962963 0.008368200836820083 0.018518518518518517
1 0.761244769874477 0.7842592592592592 0.007845188284518828 0.018518518518518517
1 0.8697698744769874 0.85 0.006276150627615063 0.014814814814814815
1 0.3098849372384937 0.6337962962962963 0.0036610878661087866 0.010185185185185186
1 0.29027196652719667 0.6356481481481482 0.0041841004184100415 0.010185185185185186
1 0.7031903765690377 0.6699074074074074 0.00889121338912134 0.01574074074074074