1 0.4696652719665272 0.9013888888888889 0.007845188284518828 0.037037037037037035
1 0.4024581589958159 0.8078703703703703 0.007845188284518828 0.03333333333333333
1 0.4139644351464435 0.8064814814814815 0.006799163179916318 0.03425925925925926
1 0.5700836820083682 0.9111111111111111 0.008368200836820083 0.025
1 0.35381799163179917 0.9273148148148148 0.010460251046025104 0.03981481481481482
1 0.8221757322175732 0.5236111111111111 0.0041841004184100415 0.016666666666666666
1 0.285826359832636 0.9347222222222222 0.007845188284518828 0.028703703703703703
1 0.3464958158995816 0.9194444444444444 0.005753138075313808 0.026851851851851852
1 0.7118200836820083 0.874537037037037 0.00889121338912134 0.023148148148148147
1 0.700836820083682 0.8791666666666667 0.004707112970711297 0.011111111111111112
1 0.8271443514644351 0.5226851851851851 0.0041841004184100415 0.016666666666666666
1 0.5394874476987448 0.9208333333333333 0.007845188284518828 0.023148148148148147
1 0.5387029288702929 0.9148148148148149 0.00889121338912134 0.01574074074074074
1 0.35094142259414224 0.9263888888888889 0.005753138075313808 0.03518518518518519
0 0.20789748953974896 0.31203703703703706 0.04811715481171548 0.10462962962962963
0 0.31668410041841005 0.24305555555555555 0.008368200836820083 0.018518518518518517
0 0.303347280334728 0.23564814814814813 0.005230125523012552 0.012037037037037037
0 0.23614016736401675 0.24212962962962964 0.005753138075313808 0.012037037037037037
1 0.49006276150627615 0.6375 0.006276150627615063 0.012037037037037037
1 0.5015690376569037 0.6356481481481482 0.005230125523012552 0.010185185185185186
1 0.8919979079497908 0.5583333333333333 0.00889121338912134 0.012962962962962963
1 0.2199267782426778 0.8972222222222223 0.004707112970711297 0.009259259259259259
1 0.2301255230125523 0.8935185185185185 0.005230125523012552 0.012962962962962963
1 0.8077928870292888 0.8435185185185186 0.00889121338912134 0.016666666666666666
1 0.8268828451882845 0.8212962962962963 0.014644351464435146 0.018518518518518517
1 0.7884414225941423 0.8162037037037037 0.005753138075313808 0.017592592592592594
1 0.25156903765690375 0.9541666666666667 0.011506276150627616 0.04722222222222222
1 0.2698744769874477 0.9462962962962963 0.006276150627615063 0.032407407407407406