1 0.4505753138075314 0.924537037037037 0.010460251046025104 0.028703703703703703
1 0.22515690376569036 0.9726851851851852 0.013598326359832637 0.04722222222222222
1 0.6903765690376569 0.6310185185185185 0.004707112970711297 0.027777777777777776
1 0.685407949790795 0.6361111111111111 0.005230125523012552 0.025925925925925925
1 0.6307531380753139 0.9824074074074074 0.007322175732217573 0.03425925925925926
0 0.1022489539748954 0.3296296296296296 0.049163179916317995 0.11203703703703703
0 0.1827928870292887 0.42083333333333334 0.01307531380753138 0.019444444444444445
1 0.4293933054393305 0.8726851851851852 0.007322175732217573 0.03611111111111111
1 0.4341004184100418 0.8666666666666667 0.007322175732217573 0.03888888888888889
1 0.608786610878661 0.8708333333333333 0.015690376569037656 0.021296296296296296
1 0.6574267782426778 0.8476851851851852 0.009414225941422594 0.019444444444444445
1 0.6660564853556485 0.8430555555555556 0.00993723849372385 0.021296296296296296
1 0.6995292887029289 0.9597222222222223 0.004707112970711297 0.023148148148148147
1 0.5088912133891214 0.8527777777777777 0.009414225941422594 0.027777777777777776
1 0.7774581589958159 0.799537037037037 0.006799163179916318 0.032407407407407406