1 0.5923117154811716 0.8444444444444444 0.007322175732217573 0.03611111111111111
1 0.5515167364016736 0.6837962962962963 0.004707112970711297 0.020370370370370372
1 0.5889121338912134 0.8217592592592593 0.007322175732217573 0.025
0 0.09205020920502092 0.3296296296296296 0.047594142259414225 0.11018518518518519
0 0.3522489539748954 0.3435185185185185 0.010983263598326359 0.011111111111111112
1 0.5800209205020921 0.8222222222222222 0.005230125523012552 0.027777777777777776
1 0.7434623430962343 0.7407407407407407 0.006799163179916318 0.022222222222222223
1 0.7567991631799164 0.7407407407407407 0.005230125523012552 0.018518518518518517
0 0.11846234309623431 0.42592592592592593 0.015167364016736401 0.014814814814814815
1 0.9231171548117155 0.5291666666666667 0.009414225941422594 0.013888888888888888
0 0.8783995815899581 0.37222222222222223 0.07688284518828452 0.2037037037037037
1 0.9202405857740585 0.6472222222222223 0.004707112970711297 0.022222222222222223