1 0.23797071129707112 0.9722222222222222 0.009414225941422594 0.03888888888888889
1 0.24267782426778242 0.9601851851851851 0.009414225941422594 0.044444444444444446
1 0.6929916317991632 0.6060185185185185 0.005753138075313808 0.013888888888888888
1 0.7018828451882845 0.5935185185185186 0.005230125523012552 0.025925925925925925
1 0.8208682008368201 0.537962962962963 0.0041841004184100415 0.018518518518518517
1 0.7016213389121339 0.586574074074074 0.005230125523012552 0.012037037037037037
1 0.7259414225941423 0.6092592592592593 0.007322175732217573 0.016666666666666666
1 0.7599372384937239 0.7342592592592593 0.005230125523012552 0.026851851851851852
1 0.6451359832635983 0.9513888888888888 0.008368200836820083 0.03981481481481482
1 0.39330543933054396 0.6925925925925925 0.006799163179916318 0.016666666666666666
1 0.7403242677824268 0.7384259259259259 0.006276150627615063 0.028703703703703703
1 0.8148535564853556 0.8194444444444444 0.005230125523012552 0.013888888888888888
1 0.40585774058577406 0.6902777777777778 0.004707112970711297 0.008333333333333333
1 0.2188807531380753 0.8967592592592593 0.0041841004184100415 0.010185185185185186
1 0.6072175732217573 0.8643518518518518 0.005753138075313808 0.012962962962962963
0 0.08185146443514645 0.33240740740740743 0.047594142259414225 0.1111111111111111
0 0.11532426778242678 0.42453703703703705 0.01307531380753138 0.013888888888888888
1 0.7819037656903766 0.7203703703703703 0.006276150627615063 0.024074074074074074
1 0.7905334728033473 0.7166666666666667 0.005753138075313808 0.022222222222222223
1 0.8755230125523012 0.6703703703703704 0.005230125523012552 0.020370370370370372
1 0.6561192468619247 0.8444444444444444 0.007845188284518828 0.018518518518518517
1 0.6176778242677824 0.8587962962962963 0.011506276150627616 0.01574074074074074
1 0.9035041841004184 0.8060185185185185 0.00889121338912134 0.019444444444444445
1 0.6608263598326359 0.9412037037037037 0.020397489539748955 0.010185185185185186