1 0.5481171548117155 0.9861111111111112 0.00993723849372385 0.026851851851851852
1 0.6038179916317992 0.6449074074074074 0.006276150627615063 0.027777777777777776
0 0.3695083682008368 0.29583333333333334 0.049163179916317995 0.10555555555555556
0 0.1051255230125523 0.3263888888888889 0.04707112970711297 0.1037037037037037
0 0.11035564853556486 0.42592592592592593 0.012552301255230125 0.012962962962962963
1 0.4686192468619247 0.7916666666666666 0.008368200836820083 0.03148148148148148
1 0.4772489539748954 0.7916666666666666 0.00889121338912134 0.03333333333333333
1 0.21103556485355648 0.9763888888888889 0.014121338912133892 0.03611111111111111
1 0.4212866108786611 0.8981481481481481 0.005753138075313808 0.025925925925925925
1 0.41501046025104604 0.899537037037037 0.004707112970711297 0.030555555555555555
1 0.8059623430962343 0.7162037037037037 0.009414225941422594 0.023148148148148147