1 0.23640167364016737 0.9879629629629629 0.00889121338912134 0.023148148148148147
1 0.850418410041841 0.6699074074074074 0.005753138075313808 0.025
1 0.511244769874477 0.7291666666666666 0.006799163179916318 0.027777777777777776
1 0.8430962343096234 0.6671296296296296 0.005753138075313808 0.025
1 0.7405857740585774 0.5888888888888889 0.004707112970711297 0.021296296296296296
1 0.6765167364016736 0.9152777777777777 0.006276150627615063 0.016666666666666666
1 0.6676255230125523 0.9199074074074074 0.004707112970711297 0.012037037037037037
1 0.7358786610878661 0.5972222222222222 0.0041841004184100415 0.01574074074074074
1 0.6592573221757322 0.9097222222222222 0.006276150627615063 0.032407407407407406
0 0.08812761506276151 0.3296296296296296 0.049686192468619245 0.1111111111111111
0 0.8075313807531381 0.3314814814814815 0.07322175732217573 0.17685185185185184
0 0.6331066945606695 0.3925925925925926 0.00993723849372385 0.019444444444444445
1 0.7259414225941423 0.6097222222222223 0.006276150627615063 0.01574074074074074
0 0.11846234309623431 0.4273148148148148 0.01307531380753138 0.012037037037037037
1 0.2188807531380753 0.8949074074074074 0.004707112970711297 0.008333333333333333
1 0.22228033472803346 0.7379629629629629 0.007322175732217573 0.011111111111111112
1 0.2348326359832636 0.7333333333333333 0.005230125523012552 0.009259259259259259
1 0.8138075313807531 0.8481481481481481 0.006276150627615063 0.011111111111111112
1 0.6676255230125523 0.8472222222222222 0.015167364016736401 0.018518518518518517
1 0.6226464435146444 0.9527777777777777 0.020397489539748955 0.016666666666666666
1 0.6893305439330544 0.7699074074074074 0.006276150627615063 0.028703703703703703
1 0.6953451882845189 0.7675925925925926 0.006799163179916318 0.027777777777777776