1 0.6367677824267782 0.625462962962963 0.006276150627615063 0.024074074074074074
1 0.3446652719665272 0.8097222222222222 0.007322175732217573 0.03425925925925926
1 0.6485355648535565 0.624537037037037 0.0041841004184100415 0.022222222222222223
1 0.34989539748953974 0.774537037037037 0.008368200836820083 0.03148148148148148
1 0.22228033472803346 0.9777777777777777 0.008368200836820083 0.04351851851851852
1 0.6524581589958159 0.9087962962962963 0.006799163179916318 0.019444444444444445
1 0.625 0.8564814814814815 0.007322175732217573 0.02962962962962963
1 0.2131276150627615 0.9782407407407407 0.006799163179916318 0.03518518518518519
1 0.8360355648535565 0.8175925925925925 0.005753138075313808 0.018518518518518517
1 0.7107740585774058 0.9625 0.006799163179916318 0.018518518518518517
0 0.1506276150627615 0.324537037037037 0.0397489539748954 0.10648148148148148
0 0.6631799163179917 0.32407407407407407 0.075836820083682 0.17314814814814813
0 0.7207112970711297 0.29444444444444445 0.005230125523012552 0.008333333333333333
0 0.19848326359832635 0.41388888888888886 0.015167364016736401 0.008333333333333333
1 0.7207112970711297 0.8699074074074075 0.006276150627615063 0.017592592592592594
1 0.1202928870292887 0.9893518518518518 0.008368200836820083 0.021296296296296296
1 0.830805439330544 0.5175925925925926 0.004707112970711297 0.014814814814814815
1 0.6963912133891214 0.9680555555555556 0.005753138075313808 0.01574074074074074
0 0.7432008368200836 0.2935185185185185 0.0041841004184100415 0.003703703703703704
1 0.6247384937238494 0.95 0.017259414225941423 0.020370370370370372