1 0.4667887029288703 0.9731481481481481 0.011506276150627616 0.044444444444444446
1 0.5036610878661087 0.9518518518518518 0.00889121338912134 0.040740740740740744
1 0.502092050209205 0.9810185185185185 0.008368200836820083 0.037037037037037035
1 0.46809623430962344 0.899537037037037 0.007845188284518828 0.03888888888888889
1 0.5865585774058577 0.9444444444444444 0.00889121338912134 0.026851851851851852
1 0.8517259414225942 0.6824074074074075 0.005753138075313808 0.025925925925925925
1 0.7311715481171548 0.5981481481481481 0.004707112970711297 0.027777777777777776
1 0.34780334728033474 0.9208333333333333 0.008368200836820083 0.037037037037037035
1 0.8598326359832636 0.6837962962962963 0.004707112970711297 0.020370370370370372
1 0.6064330543933054 0.9462962962962963 0.011506276150627616 0.022222222222222223
1 0.7269874476987448 0.600925925925926 0.004707112970711297 0.021296296296296296
1 0.8158995815899581 0.8310185185185185 0.0041841004184100415 0.010185185185185186
1 0.81668410041841 0.9560185185185185 0.005753138075313808 0.03333333333333333
1 0.21809623430962344 0.9037037037037037 0.009414225941422594 0.020370370370370372
0 0.08080543933054393 0.33055555555555555 0.049686192468619245 0.1111111111111111
1 0.5842050209205021 0.9574074074074074 0.00993723849372385 0.024074074074074074
1 0.6822698744769874 0.6787037037037037 0.00889121338912134 0.03333333333333333
1 0.6595188284518828 0.8476851851851852 0.013598326359832637 0.019444444444444445
1 0.6148012552301255 0.8611111111111112 0.007845188284518828 0.012962962962962963
1 0.3240062761506276 0.6944444444444444 0.00889121338912134 0.011111111111111112
1 0.3428347280334728 0.7 0.00993723849372385 0.014814814814814815
0 0.1354602510460251 0.42685185185185187 0.014644351464435146 0.018518518518518517
1 0.9393305439330544 0.4736111111111111 0.0041841004184100415 0.01574074074074074
1 0.875 0.6736111111111112 0.005230125523012552 0.021296296296296296
1 0.8020397489539749 0.4305555555555556 0.0036610878661087866 0.005555555555555556
1 0.8025627615062761 0.6851851851851852 0.004707112970711297 0.012962962962962963
1 0.9040271966527197 0.8060185185185185 0.01202928870292887 0.023148148148148147