1 0.7191422594142259 0.5837962962962963 0.005230125523012552 0.016666666666666666
1 0.7267259414225942 0.5847222222222223 0.0041841004184100415 0.01574074074074074
1 0.7986401673640168 0.5546296296296296 0.005230125523012552 0.020370370370370372
1 0.6550732217573222 0.9101851851851852 0.006799163179916318 0.03425925925925926
1 0.6723326359832636 0.6185185185185185 0.0041841004184100415 0.019444444444444445
1 0.6678870292887029 0.6166666666666667 0.006276150627615063 0.026851851851851852
1 0.07139121338912134 0.9944444444444445 0.005753138075313808 0.011111111111111112
1 0.21626569037656904 0.7375 0.004707112970711297 0.011111111111111112
1 0.18148535564853557 0.9777777777777777 0.007322175732217573 0.040740740740740744
1 0.7251569037656904 0.6092592592592593 0.006276150627615063 0.013888888888888888
1 0.21914225941422594 0.9032407407407408 0.009414225941422594 0.019444444444444445
0 0.2881799163179916 0.3347222222222222 0.07269874476987448 0.1648148148148148
0 0.01961297071129707 0.37824074074074077 0.01202928870292887 0.012037037037037037
0 0.07635983263598327 0.3314814814814815 0.045502092050209206 0.10740740740740741
0 0.11950836820083682 0.4263888888888889 0.01307531380753138 0.01574074074074074
1 0.35486401673640167 0.9231481481481482 0.007845188284518828 0.037037037037037035
1 0.36140167364016734 0.9254629629629629 0.008368200836820083 0.03611111111111111
1 0.6765167364016736 0.9162037037037037 0.005753138075313808 0.013888888888888888
1 0.6660564853556485 0.9226851851851852 0.0036610878661087866 0.010185185185185186
1 0.7319560669456067 0.9162037037037037 0.004707112970711297 0.010185185185185186
1 0.6597803347280334 0.8476851851851852 0.010983263598326359 0.023148148148148147
1 0.20319037656903766 0.7375 0.006799163179916318 0.013888888888888888
1 0.19116108786610878 0.9805555555555555 0.015167364016736401 0.03518518518518519
1 0.6325836820083682 0.9629629629629629 0.018305439330543932 0.016666666666666666