1 0.301255230125523 0.9375 0.015690376569037656 0.046296296296296294
0 0.09388075313807531 0.33240740740740743 0.0502092050209205 0.11574074074074074
0 0.16867154811715482 0.2949074074074074 0.021443514644351465 0.08055555555555556
0 0.1145397489539749 0.4273148148148148 0.015690376569037656 0.01574074074074074
0 0.3514644351464435 0.34444444444444444 0.010460251046025104 0.011111111111111112
1 0.8015167364016736 0.6393518518518518 0.005753138075313808 0.032407407407407406
1 0.2214958158995816 0.975462962962963 0.010983263598326359 0.041666666666666664
1 0.20868200836820083 0.9717592592592592 0.012552301255230125 0.04351851851851852
1 0.1550732217573222 0.9875 0.00993723849372385 0.025
1 0.33368200836820083 0.9291666666666667 0.009414225941422594 0.03796296296296296
1 0.8213912133891214 0.7787037037037037 0.007845188284518828 0.040740740740740744