1 0.7996861924686193 0.549537037037037 0.005230125523012552 0.022222222222222223
1 0.39069037656903766 0.9472222222222222 0.00993723849372385 0.027777777777777776
1 0.7432008368200836 0.5643518518518519 0.0036610878661087866 0.019444444444444445
1 0.7547071129707112 0.5625 0.004707112970711297 0.020370370370370372
1 0.7934100418410042 0.5569444444444445 0.0036610878661087866 0.012037037037037037
1 0.22960251046025104 0.8925925925925926 0.006276150627615063 0.009259259259259259
1 0.7044979079497908 0.8888888888888888 0.005230125523012552 0.011111111111111112
1 0.6459205020920502 0.6620370370370371 0.005753138075313808 0.025925925925925925
1 0.6370292887029289 0.6606481481481481 0.006799163179916318 0.026851851851851852
1 0.6877615062761506 0.8861111111111111 0.006276150627615063 0.014814814814814815
1 0.8948744769874477 0.6620370370370371 0.004707112970711297 0.019444444444444445
0 0.111663179916318 0.3282407407407407 0.04236401673640167 0.11203703703703703
0 0.19456066945606695 0.4212962962962963 0.014644351464435146 0.018518518518518517
1 0.2178347280334728 0.8939814814814815 0.006799163179916318 0.012037037037037037
1 0.8577405857740585 0.6731481481481482 0.005230125523012552 0.02962962962962963
1 0.8668933054393305 0.674074074074074 0.0036610878661087866 0.014814814814814815
1 0.8765690376569037 0.6717592592592593 0.006276150627615063 0.021296296296296296
1 0.6325836820083682 0.7902777777777777 0.010983263598326359 0.028703703703703703
1 0.6929916317991632 0.899074074074074 0.007322175732217573 0.024074074074074074
1 0.7398012552301255 0.8689814814814815 0.00993723849372385 0.01574074074074074
1 0.6176778242677824 0.8458333333333333 0.012552301255230125 0.025
1 0.8182531380753139 0.7810185185185186 0.004707112970711297 0.041666666666666664
1 0.6587343096234309 0.8495370370370371 0.01307531380753138 0.021296296296296296
1 0.665010460251046 0.8425925925925926 0.016213389121338913 0.022222222222222223