1 0.5930962343096234 0.6763888888888889 0.005230125523012552 0.026851851851851852
1 0.5700836820083682 0.825 0.006799163179916318 0.03333333333333333
1 0.6532426778242678 0.9074074074074074 0.007845188284518828 0.018518518518518517
1 0.6982217573221757 0.7564814814814815 0.006276150627615063 0.026851851851851852
1 0.6634414225941423 0.9833333333333333 0.007322175732217573 0.032407407407407406
1 0.41422594142259417 0.8050925925925926 0.008368200836820083 0.026851851851851852
1 0.5768828451882845 0.8291666666666667 0.005230125523012552 0.023148148148148147
1 0.6697175732217573 0.987037037037037 0.00993723849372385 0.025
0 0.1550732217573222 0.3226851851851852 0.04236401673640167 0.10925925925925926
0 0.8888598326359832 0.3638888888888889 0.07897489539748954 0.2222222222222222
1 0.828713389121339 0.5259259259259259 0.0036610878661087866 0.014814814814814815
0 0.19926778242677826 0.4152777777777778 0.014644351464435146 0.013888888888888888
1 0.16893305439330544 0.9879629629629629 0.009414225941422594 0.024074074074074074
1 0.7003138075313807 0.9115740740740741 0.007322175732217573 0.01574074074074074
1 0.7214958158995816 0.8666666666666667 0.006799163179916318 0.022222222222222223
1 0.6561192468619247 0.8476851851851852 0.007845188284518828 0.023148148148148147
1 0.8376046025104602 0.8217592592592593 0.005753138075313808 0.021296296296296296
1 0.7073744769874477 0.31666666666666665 0.002615062761506276 0.005555555555555556
1 0.6976987447698745 0.31527777777777777 0.0031380753138075313 0.004629629629629629
2 0.698744769874477 0.3194444444444444 0.006276150627615063 0.003703703703703704
2 0.7081589958158996 0.32083333333333336 0.006276150627615063 0.002777777777777778