1 0.7188807531380753 0.6101851851851852 0.005230125523012552 0.024074074074074074
1 0.6812238493723849 0.6060185185185185 0.004707112970711297 0.02962962962962963
1 0.608786610878661 0.7393518518518518 0.007322175732217573 0.01574074074074074
1 0.6822698744769874 0.6324074074074074 0.004707112970711297 0.025925925925925925
0 0.18828451882845187 0.3162037037037037 0.051255230125523014 0.10833333333333334
0 0.1618723849372385 0.2949074074074074 0.025627615062761507 0.07592592592592592
0 0.19848326359832635 0.41435185185185186 0.01307531380753138 0.012037037037037037
1 0.6739016736401674 0.6351851851851852 0.004707112970711297 0.02962962962962963
1 0.6846234309623431 0.825925925925926 0.008368200836820083 0.016666666666666666
1 0.6956066945606695 0.8222222222222222 0.009414225941422594 0.014814814814814815
1 0.770397489539749 0.7787037037037037 0.007322175732217573 0.020370370370370372
1 0.766213389121339 0.9564814814814815 0.006276150627615063 0.018518518518518517
1 0.8606171548117155 0.6861111111111111 0.005753138075313808 0.024074074074074074
1 0.6595188284518828 0.8518518518518519 0.014644351464435146 0.016666666666666666
1 0.017259414225941423 0.961574074074074 0.007322175732217573 0.017592592592592594