1 0.43697698744769875 0.887962962962963 0.011506276150627616 0.03796296296296296
1 0.42860878661087864 0.8962962962962963 0.007322175732217573 0.03981481481481482
1 0.5468096234309623 0.6916666666666667 0.007845188284518828 0.030555555555555555
1 0.7042364016736402 0.9180555555555555 0.007845188284518828 0.03425925925925926
1 0.7452928870292888 0.9162037037037037 0.007322175732217573 0.020370370370370372
1 0.6919456066945606 0.950925925925926 0.00889121338912134 0.024074074074074074
1 0.7473849372384938 0.7435185185185185 0.004707112970711297 0.021296296296296296
1 0.819560669456067 0.7694444444444445 0.005753138075313808 0.030555555555555555
0 0.14173640167364016 0.32546296296296295 0.02615062761506276 0.11296296296296296
0 0.03138075313807531 0.32685185185185184 0.04131799163179916 0.09351851851851851
0 0.702928870292887 0.32731481481481484 0.028242677824267783 0.007407407407407408
1 0.6140167364016736 0.8074074074074075 0.007322175732217573 0.040740740740740744
1 0.9095188284518828 0.524074074074074 0.010460251046025104 0.011111111111111112
0 0.19377615062761505 0.4148148148148148 0.010983263598326359 0.014814814814814815
1 0.6566422594142259 0.9032407407407408 0.0036610878661087866 0.010185185185185186
1 0.6592573221757322 0.9111111111111111 0.00889121338912134 0.016666666666666666
1 0.7999476987447699 0.8384259259259259 0.007845188284518828 0.019444444444444445
1 0.8305439330543933 0.8217592592592593 0.0041841004184100415 0.013888888888888888
1 0.7641213389121339 0.7805555555555556 0.012552301255230125 0.022222222222222223
1 0.9275627615062761 0.6388888888888888 0.004707112970711297 0.018518518518518517
1 0.9351464435146444 0.6347222222222222 0.0041841004184100415 0.017592592592592594
1 0.9450836820083682 0.6273148148148148 0.007322175732217573 0.017592592592592594
0 0.20920502092050208 0.31805555555555554 0.012552301255230125 0.002777777777777778