1 0.7267259414225942 0.5972222222222222 0.005753138075313808 0.025
1 0.42965481171548114 0.887962962962963 0.011506276150627616 0.03981481481481482
1 0.4364539748953975 0.8939814814814815 0.00993723849372385 0.03888888888888889
1 0.4377615062761506 0.8837962962962963 0.005753138075313808 0.020370370370370372
0 0.08760460251046025 0.33287037037037037 0.04602510460251046 0.11574074074074074
1 0.23430962343096234 0.7231481481481481 0.007322175732217573 0.011111111111111112
1 0.24947698744769875 0.7138888888888889 0.006276150627615063 0.011111111111111112
0 0.11950836820083682 0.4287037037037037 0.01307531380753138 0.014814814814814815
1 0.2178347280334728 0.8967592592592593 0.005753138075313808 0.006481481481481481
1 0.9194560669456067 0.5055555555555555 0.005230125523012552 0.020370370370370372
1 0.7975941422594143 0.8231481481481482 0.005230125523012552 0.016666666666666666
1 0.613755230125523 0.8592592592592593 0.007845188284518828 0.011111111111111112
1 0.6642259414225942 0.8435185185185186 0.012552301255230125 0.022222222222222223
1 0.799163179916318 0.6837962962962963 0.006276150627615063 0.013888888888888888
1 0.9144874476987448 0.6481481481481481 0.004707112970711297 0.018518518518518517
1 0.9254707112970711 0.6407407407407407 0.005753138075313808 0.022222222222222223