1 0.2792887029288703 0.8212962962962963 0.007322175732217573 0.03425925925925926
1 0.45580543933054396 0.887962962962963 0.008368200836820083 0.040740740740740744
1 0.32322175732217573 0.9449074074074074 0.006799163179916318 0.03425925925925926
1 0.23875523012552302 0.9694444444444444 0.00993723849372385 0.04259259259259259
1 0.40455020920502094 0.8958333333333334 0.007322175732217573 0.03425925925925926
1 0.8896443514644351 0.6592592592592592 0.005230125523012552 0.027777777777777776
1 0.5326882845188284 0.7263888888888889 0.005230125523012552 0.022222222222222223
1 0.8661087866108786 0.6731481481481482 0.005230125523012552 0.024074074074074074
1 0.11532426778242678 0.8467592592592592 0.00993723849372385 0.03148148148148148
1 0.8778765690376569 0.6731481481481482 0.0041841004184100415 0.016666666666666666
1 0.3206066945606695 0.9486111111111111 0.004707112970711297 0.025925925925925925
1 0.39722803347280333 0.8902777777777777 0.008368200836820083 0.040740740740740744
0 0.09544979079497908 0.3296296296296296 0.047594142259414225 0.11018518518518519
0 0.17180962343096234 0.3060185185185185 0.028242677824267783 0.09166666666666666
1 0.21182008368200836 0.9722222222222222 0.014644351464435146 0.04814814814814815
1 0.6542887029288703 0.7824074074074074 0.0041841004184100415 0.03333333333333333
1 0.6595188284518828 0.7856481481481481 0.005230125523012552 0.026851851851851852
1 0.7248953974895398 0.8 0.006276150627615063 0.025925925925925925
1 0.5376569037656904 0.9893518518518518 0.010460251046025104 0.021296296296296296
0 0.1278765690376569 0.4287037037037037 0.014121338912133892 0.018518518518518517
1 0.1051255230125523 0.8449074074074074 0.007322175732217573 0.03611111111111111
1 0.030073221757322174 0.7532407407407408 0.016213389121338913 0.058333333333333334
1 0.5193514644351465 0.6365740740740741 0.012552301255230125 0.04351851851851852
1 0.8812761506276151 0.5337962962962963 0.007322175732217573 0.023148148148148147
1 0.9048117154811716 0.4912037037037037 0.0041841004184100415 0.01574074074074074
1 0.9215481171548117 0.6412037037037037 0.0031380753138075313 0.01574074074074074
1 0.9322698744769874 0.6351851851851852 0.004707112970711297 0.014814814814814815