1 0.3854602510460251 0.9439814814814815 0.00889121338912134 0.03518518518518519
1 0.5002615062761506 0.7666666666666667 0.007845188284518828 0.03425925925925926
1 0.3464958158995816 0.9407407407407408 0.00993723849372385 0.040740740740740744
1 0.24320083682008367 0.9680555555555556 0.009414225941422594 0.049074074074074076
1 0.3077928870292887 0.9476851851851852 0.00993723849372385 0.03888888888888889
1 0.5081066945606695 0.7638888888888888 0.006799163179916318 0.028703703703703703
1 0.1563807531380753 0.9861111111111112 0.00889121338912134 0.026851851851851852
1 0.8096234309623431 0.549074074074074 0.0036610878661087866 0.018518518518518517
1 0.8059623430962343 0.55 0.0036610878661087866 0.017592592592592594
1 0.7021443514644351 0.7648148148148148 0.005753138075313808 0.023148148148148147
1 0.7277719665271967 0.6032407407407407 0.008368200836820083 0.022222222222222223
1 0.2199267782426778 0.9032407407407408 0.006799163179916318 0.018518518518518517
1 0.48221757322175735 0.9013888888888889 0.00889121338912134 0.027777777777777776
1 0.3716004184100418 0.9018518518518519 0.006276150627615063 0.025
1 0.9453451882845189 0.6273148148148148 0.005753138075313808 0.018518518518518517
1 0.15271966527196654 0.9800925925925926 0.006799163179916318 0.02962962962962963
1 0.6919456066945606 0.9064814814814814 0.010983263598326359 0.012037037037037037
0 0.08185146443514645 0.33194444444444443 0.04602510460251046 0.11018518518518519
0 0.12316945606694561 0.42962962962962964 0.017259414225941423 0.012962962962962963
1 0.7989016736401674 0.6861111111111111 0.007845188284518828 0.018518518518518517
1 0.9406380753138075 0.5106481481481482 0.0036610878661087866 0.017592592592592594
1 0.9097803347280334 0.5259259259259259 0.00889121338912134 0.007407407407407408
1 0.6579497907949791 0.8495370370370371 0.012552301255230125 0.019444444444444445
1 0.6681485355648535 0.8458333333333333 0.01307531380753138 0.019444444444444445
1 0.5570083682008368 0.8273148148148148 0.009414225941422594 0.032407407407407406
1 0.9024581589958159 0.8069444444444445 0.00993723849372385 0.021296296296296296
1 0.7133891213389121 0.9861111111111112 0.008368200836820083 0.024074074074074074
1 0.7251569037656904 0.9805555555555555 0.00993723849372385 0.022222222222222223
0 0.5478556485355649 0.35509259259259257 0.01202928870292887 0.006481481481481481
1 0.9055962343096234 0.48194444444444445 0.002615062761506276 0.017592592592592594