1 0.7094665271966527 0.9657407407407408 0.007845188284518828 0.03333333333333333
1 0.7303870292887029 0.5837962962962963 0.005753138075313808 0.017592592592592594
1 0.3043933054393305 0.8662037037037037 0.005230125523012552 0.022222222222222223
1 0.46077405857740583 0.9185185185185185 0.009414225941422594 0.03148148148148148
1 0.6788702928870293 0.9162037037037037 0.004707112970711297 0.017592592592592594
1 0.33760460251046026 0.8740740740740741 0.008368200836820083 0.023148148148148147
1 0.29602510460251047 0.8643518518518518 0.007322175732217573 0.013888888888888888
1 0.6618723849372385 0.9189814814814815 0.006799163179916318 0.030555555555555555
1 0.3449267782426778 0.8601851851851852 0.0041841004184100415 0.014814814814814815
1 0.33158995815899583 0.8768518518518519 0.006276150627615063 0.016666666666666666
1 0.828713389121339 0.5847222222222223 0.0041841004184100415 0.011111111111111112
0 0.21182008368200836 0.3087962962962963 0.04811715481171548 0.10277777777777777
1 0.3679393305439331 0.8217592592592593 0.005753138075313808 0.012037037037037037
1 0.049686192468619245 0.7129629629629629 0.005230125523012552 0.016666666666666666
1 0.8020397489539749 0.5162037037037037 0.004707112970711297 0.019444444444444445
1 0.9427301255230126 0.475 0.007845188284518828 0.014814814814814815
0 0.20423640167364016 0.40555555555555556 0.014121338912133892 0.009259259259259259
1 0.3561715481171548 0.8611111111111112 0.005230125523012552 0.011111111111111112
1 0.11401673640167365 0.9384259259259259 0.009414225941422594 0.017592592592592594
1 0.12709205020920503 0.9384259259259259 0.011506276150627616 0.017592592592592594
1 0.6514121338912134 0.9842592592592593 0.018305439330543932 0.012962962962962963
1 0.7643828451882845 0.7805555555555556 0.010983263598326359 0.022222222222222223
1 0.7706589958158996 0.7773148148148148 0.00889121338912134 0.01574074074074074
1 0.8352510460251046 0.7523148148148148 0.005230125523012552 0.017592592592592594
1 0.8438807531380753 0.7865740740740741 0.007845188284518828 0.023148148148148147
1 0.6111401673640168 0.8087962962962963 0.006799163179916318 0.025
1 0.5852510460251046 0.8222222222222222 0.005230125523012552 0.027777777777777776
1 0.7314330543933054 0.7481481481481481 0.004707112970711297 0.025925925925925925
1 0.738755230125523 0.6356481481481482 0.004707112970711297 0.017592592592592594
1 0.727510460251046 0.6412037037037037 0.013598326359832637 0.012037037037037037
1 0.5839435146443515 0.737037037037037 0.0036610878661087866 0.009259259259259259
1 0.7034518828451883 0.6689814814814815 0.008368200836820083 0.012037037037037037
1 0.4432531380753138 0.874537037037037 0.010983263598326359 0.041666666666666664
1 0.45423640167364016 0.8865740740740741 0.010983263598326359 0.03796296296296296