1 0.24267782426778242 0.9592592592592593 0.008368200836820083 0.03611111111111111
1 0.62081589958159 0.7050925925925926 0.005230125523012552 0.027777777777777776
1 0.2628138075313807 0.9546296296296296 0.006799163179916318 0.03518518518518519
1 0.6263075313807531 0.7046296296296296 0.004707112970711297 0.025925925925925925
1 0.3190376569037657 0.9458333333333333 0.006799163179916318 0.028703703703703703
1 0.30517782426778245 0.9398148148148148 0.010460251046025104 0.03333333333333333
0 0.16710251046025104 0.3212962962962963 0.036610878661087864 0.1111111111111111
0 0.19822175732217573 0.4162037037037037 0.012552301255230125 0.01574074074074074
0 0.6069560669456067 0.30925925925925923 0.00889121338912134 0.007407407407407408
1 0.9105648535564853 0.5254629629629629 0.006276150627615063 0.006481481481481481
1 0.7722280334728033 0.5041666666666667 0.004707112970711297 0.010185185185185186
1 0.6582112970711297 0.9087962962962963 0.01202928870292887 0.019444444444444445
1 0.6728556485355649 0.9268518518518518 0.014121338912133892 0.020370370370370372
1 0.703713389121339 0.8740740740740741 0.01202928870292887 0.014814814814814815
1 0.7162656903765691 0.8611111111111112 0.007845188284518828 0.014814814814814815
1 0.6969142259414226 0.8240740740740741 0.00993723849372385 0.020370370370370372
1 0.7609832635983264 0.7833333333333333 0.011506276150627616 0.024074074074074074