1 0.3009937238493724 0.9361111111111111 0.013598326359832637 0.040740740740740744
1 0.07557531380753138 0.8416666666666667 0.00993723849372385 0.032407407407407406
1 0.2850418410041841 0.950925925925926 0.007845188284518828 0.03518518518518519
1 0.032426778242677826 0.8486111111111111 0.010460251046025104 0.03518518518518519
0 0.10198744769874477 0.3277777777777778 0.047594142259414225 0.10925925925925926
0 0.043148535564853555 0.3212962962962963 0.03713389121338912 0.08796296296296297
1 0.8676778242677824 0.6754629629629629 0.006276150627615063 0.028703703703703703
1 0.8731694560669456 0.6773148148148148 0.004707112970711297 0.017592592592592594
1 0.915010460251046 0.649074074074074 0.006799163179916318 0.022222222222222223
1 0.9210251046025104 0.6449074074074074 0.0041841004184100415 0.021296296296296296
1 0.26438284518828453 0.9569444444444445 0.00889121338912134 0.03611111111111111
0 0.11140167364016737 0.4287037037037037 0.014644351464435146 0.016666666666666666
0 0.3514644351464435 0.3439814814814815 0.010460251046025104 0.008333333333333333
0 0.9312238493723849 0.3587962962962963 0.07060669456066945 0.1824074074074074