1 0.3959205020920502 0.9078703703703703 0.00889121338912134 0.037037037037037035
1 0.4139644351464435 0.9037037037037037 0.008368200836820083 0.03333333333333333
1 0.5805439330543933 0.9541666666666667 0.00889121338912134 0.03148148148148148
1 0.6153242677824268 0.7986111111111112 0.006276150627615063 0.03148148148148148
1 0.428347280334728 0.9032407407407408 0.010460251046025104 0.03148148148148148
1 0.856694560669456 0.6777777777777778 0.006276150627615063 0.026851851851851852
1 0.3804916317991632 0.9092592592592592 0.007322175732217573 0.03425925925925926
1 0.5993723849372385 0.8078703703703703 0.005753138075313808 0.030555555555555555
1 0.7455543933054394 0.7421296296296296 0.005753138075313808 0.023148148148148147
1 0.6684100418410042 0.8564814814814815 0.007322175732217573 0.03148148148148148
1 0.6882845188284519 0.6356481481481482 0.004707112970711297 0.028703703703703703
1 0.6820083682008368 0.6412037037037037 0.004707112970711297 0.025925925925925925
0 0.10146443514644352 0.3287037037037037 0.04864016736401674 0.10925925925925926
0 0.3098849372384937 0.32222222222222224 0.04131799163179916 0.12314814814814815
1 0.1655334728033473 0.9837962962962963 0.007845188284518828 0.028703703703703703
1 0.1676255230125523 0.9689814814814814 0.004707112970711297 0.017592592592592594
1 0.8020397489539749 0.7814814814814814 0.006799163179916318 0.03148148148148148
0 0.17154811715481172 0.4217592592592593 0.010460251046025104 0.017592592592592594
1 0.6276150627615062 0.8925925925925926 0.006276150627615063 0.037037037037037035