1 0.3428347280334728 0.7523148148148148 0.006276150627615063 0.03425925925925926
1 0.3519874476987448 0.7541666666666667 0.007322175732217573 0.03518518518518519
1 0.5970188284518828 0.8115740740740741 0.007322175732217573 0.026851851851851852
1 0.7573221757322176 0.7324074074074074 0.006799163179916318 0.03333333333333333
1 0.680439330543933 0.7736111111111111 0.004707112970711297 0.021296296296296296
1 0.6827928870292888 0.9314814814814815 0.008368200836820083 0.020370370370370372
1 0.5855125523012552 0.8097222222222222 0.006799163179916318 0.025
1 0.3980125523012552 0.9106481481481481 0.009414225941422594 0.03425925925925926
1 0.696652719665272 0.9259259259259259 0.007322175732217573 0.012962962962962963
1 0.4144874476987448 0.9032407407407408 0.007845188284518828 0.03148148148148148
1 0.1545502092050209 0.9842592592592593 0.00993723849372385 0.030555555555555555
1 0.8517259414225942 0.7092592592592593 0.005753138075313808 0.030555555555555555
1 0.678347280334728 0.6041666666666666 0.007322175732217573 0.024074074074074074
1 0.17651673640167365 0.9888888888888889 0.009414225941422594 0.020370370370370372
1 0.6992677824267782 0.9597222222222223 0.006799163179916318 0.020370370370370372
1 0.6535041841004184 0.7814814814814814 0.005230125523012552 0.025925925925925925
1 0.8041317991631799 0.712037037037037 0.005753138075313808 0.021296296296296296
1 0.8556485355648535 0.7074074074074074 0.005230125523012552 0.028703703703703703
1 0.6647489539748954 0.7731481481481481 0.004707112970711297 0.018518518518518517
0 0.08315899581589958 0.33287037037037037 0.04864016736401674 0.11296296296296296
0 0.15036610878661089 0.32314814814814813 0.027196652719665274 0.016666666666666666
0 0.15036610878661089 0.29212962962962963 0.027196652719665274 0.0787037037037037
0 0.19586820083682008 0.41388888888888886 0.014121338912133892 0.011111111111111112
1 0.7238493723849372 0.8625 0.007322175732217573 0.017592592592592594
1 0.6508891213389121 0.9013888888888889 0.0036610878661087866 0.010185185185185186
1 0.6537656903765691 0.9083333333333333 0.007322175732217573 0.018518518518518517
1 0.14278242677824268 0.9916666666666667 0.006276150627615063 0.016666666666666666
0 0.4801255230125523 0.33240740740740743 0.013598326359832637 0.005555555555555556
1 0.9694037656903766 0.5175925925925926 0.004707112970711297 0.016666666666666666