1 0.018043933054393304 0.9185185185185185 0.007845188284518828 0.04259259259259259
1 0.35826359832635984 0.9152777777777777 0.007322175732217573 0.04351851851851852
1 0.7097280334728033 0.587037037037037 0.004707112970711297 0.011111111111111112
1 0.7102510460251046 0.5921296296296297 0.005753138075313808 0.022222222222222223
1 0.6744246861924686 0.9143518518518519 0.013598326359832637 0.026851851851851852
1 0.6623953974895398 0.924537037037037 0.006276150627615063 0.019444444444444445
1 0.7311715481171548 0.5893518518518519 0.0036610878661087866 0.005555555555555556
1 0.7607217573221757 0.6333333333333333 0.006276150627615063 0.024074074074074074
1 0.20057531380753138 0.9939814814814815 0.00889121338912134 0.012037037037037037
1 0.9144874476987448 0.5199074074074074 0.0036610878661087866 0.020370370370370372
1 0.26464435146443516 0.9703703703703703 0.010460251046025104 0.040740740740740744
1 0.3410041841004184 0.9430555555555555 0.010460251046025104 0.03425925925925926
1 0.7630753138075314 0.7324074074074074 0.005753138075313808 0.03148148148148148
1 0.3381276150627615 0.8740740740740741 0.007845188284518828 0.022222222222222223
1 0.1979602510460251 0.9777777777777777 0.006276150627615063 0.022222222222222223
0 0.21260460251046026 0.30925925925925923 0.04811715481171548 0.10277777777777777
0 0.20057531380753138 0.4060185185185185 0.01307531380753138 0.010185185185185186
1 0.6378138075313807 0.8518518518518519 0.010983263598326359 0.020370370370370372
1 0.6867154811715481 0.8296296296296296 0.011506276150627616 0.020370370370370372
1 0.7711820083682008 0.7777777777777778 0.00889121338912134 0.018518518518518517
1 0.7782426778242678 0.7208333333333333 0.007322175732217573 0.028703703703703703
1 0.7288179916317992 0.6412037037037037 0.00993723849372385 0.01574074074074074
1 0.7390167364016736 0.5351851851851852 0.005230125523012552 0.014814814814814815
1 0.8498953974895398 0.5458333333333333 0.0041841004184100415 0.017592592592592594
1 0.9401150627615062 0.47638888888888886 0.0036610878661087866 0.013888888888888888
1 0.9440376569037657 0.47453703703703703 0.0041841004184100415 0.010185185185185186
1 0.2965481171548117 0.8625 0.0041841004184100415 0.012037037037037037
1 0.3519874476987448 0.6949074074074074 0.0041841004184100415 0.010185185185185186
1 0.36715481171548114 0.687962962962963 0.0031380753138075313 0.009259259259259259
1 0.3731694560669456 0.9180555555555555 0.006799163179916318 0.03981481481481482
1 0.8360355648535565 0.7546296296296297 0.004707112970711297 0.022222222222222223
1 0.7084205020920502 0.9638888888888889 0.004707112970711297 0.018518518518518517
1 0.7178347280334728 0.9773148148148149 0.005753138075313808 0.01574074074074074
1 0.6519351464435147 0.9828703703703704 0.021443514644351465 0.013888888888888888
1 0.6480125523012552 0.9361111111111111 0.012552301255230125 0.016666666666666666
1 0.4869246861924686 0.862037037037037 0.0041841004184100415 0.020370370370370372
1 0.5823744769874477 0.7388888888888889 0.004707112970711297 0.011111111111111112
1 0.703713389121339 0.6680555555555555 0.006799163179916318 0.008333333333333333
1 0.11401673640167365 0.937962962962963 0.008368200836820083 0.018518518518518517
1 0.1260460251046025 0.9365740740740741 0.010460251046025104 0.01574074074074074
1 0.35381799163179917 0.8606481481481482 0.005753138075313808 0.012037037037037037
1 0.36610878661087864 0.8208333333333333 0.007322175732217573 0.010185185185185186
1 0.3561715481171548 0.8240740740740741 0.006276150627615063 0.009259259259259259
1 0.6294456066945606 0.7125 0.006799163179916318 0.012037037037037037
1 0.893305439330544 0.6648148148148149 0.0041841004184100415 0.018518518518518517
1 0.9021966527196653 0.6587962962962963 0.0041841004184100415 0.021296296296296296
1 0.9134414225941423 0.649537037037037 0.004707112970711297 0.023148148148148147
1 0.22646443514644352 0.9953703703703703 0.005230125523012552 0.009259259259259259