1 0.24790794979079497 0.9541666666666667 0.010983263598326359 0.044444444444444446
1 0.2850418410041841 0.8550925925925926 0.011506276150627616 0.022222222222222223
1 0.5031380753138075 0.8842592592592593 0.007322175732217573 0.028703703703703703
1 0.3179916317991632 0.9333333333333333 0.008368200836820083 0.040740740740740744
1 0.5282426778242678 0.7541666666666667 0.00993723849372385 0.016666666666666666
1 0.29210251046025104 0.8527777777777777 0.006276150627615063 0.024074074074074074
1 0.4560669456066946 0.9222222222222223 0.009414225941422594 0.030555555555555555
1 0.6124476987447699 0.7412037037037037 0.010460251046025104 0.022222222222222223
1 0.8702928870292888 0.6805555555555556 0.005230125523012552 0.020370370370370372
0 0.2094665271966527 0.3087962962962963 0.047594142259414225 0.10277777777777777
0 0.20214435146443516 0.4074074074074074 0.014121338912133892 0.007407407407407408
1 0.6561192468619247 0.5740740740740741 0.0036610878661087866 0.011111111111111112
1 0.6647489539748954 0.5722222222222222 0.0041841004184100415 0.012962962962962963
1 0.7003138075313807 0.5467592592592593 0.0031380753138075313 0.013888888888888888
1 0.7178347280334728 0.5476851851851852 0.004707112970711297 0.019444444444444445
1 0.8292364016736402 0.5532407407407407 0.004707112970711297 0.017592592592592594
1 0.8331589958158996 0.5537037037037037 0.0031380753138075313 0.012962962962962963
1 0.8381276150627615 0.5472222222222223 0.004707112970711297 0.018518518518518517
1 0.7021443514644351 0.6699074074074074 0.010983263598326359 0.013888888888888888
1 0.01647489539748954 0.9606481481481481 0.005753138075313808 0.008333333333333333
1 0.6121861924686193 0.862037037037037 0.005753138075313808 0.011111111111111112
1 0.6333682008368201 0.8643518518518518 0.006276150627615063 0.023148148148148147
1 0.6464435146443515 0.8629629629629629 0.008368200836820083 0.03148148148148148
1 0.6508891213389121 0.8930555555555556 0.00993723849372385 0.017592592592592594
1 0.6595188284518828 0.8902777777777777 0.007322175732217573 0.021296296296296296
1 0.6872384937238494 0.8310185185185185 0.012552301255230125 0.017592592592592594
1 0.7860878661087866 0.7671296296296296 0.006276150627615063 0.017592592592592594
1 0.8726464435146444 0.8657407407407407 0.005753138075313808 0.014814814814814815
1 0.1145397489539749 0.9398148148148148 0.008368200836820083 0.014814814814814815
1 0.9027196652719666 0.6555555555555556 0.0041841004184100415 0.027777777777777776