1 0.36767782426778245 0.9407407407407408 0.010460251046025104 0.025
1 0.21835774058577406 0.9037037037037037 0.010460251046025104 0.020370370370370372
1 0.4249476987447699 0.8981481481481481 0.007845188284518828 0.03888888888888889
1 0.7094665271966527 0.9087962962962963 0.004707112970711297 0.012037037037037037
1 0.7024058577405857 0.825925925925926 0.006799163179916318 0.027777777777777776
1 0.7544456066945606 0.7375 0.006276150627615063 0.025
1 0.8917364016736402 0.6611111111111111 0.006799163179916318 0.017592592592592594
1 0.9307008368200836 0.5060185185185185 0.0031380753138075313 0.017592592592592594
1 0.7486924686192469 0.7435185185185185 0.0041841004184100415 0.020370370370370372
0 0.0823744769874477 0.3314814814814815 0.04811715481171548 0.1111111111111111
1 0.16527196652719664 0.7703703703703704 0.006276150627615063 0.016666666666666666
1 0.18357740585774057 0.749537037037037 0.007322175732217573 0.01574074074074074
1 0.7547071129707112 0.5143518518518518 0.0041841004184100415 0.013888888888888888
1 0.9249476987447699 0.500462962962963 0.0036610878661087866 0.019444444444444445
1 0.799163179916318 0.6842592592592592 0.009414225941422594 0.012962962962962963
1 0.6592573221757322 0.8490740740740741 0.00889121338912134 0.018518518518518517
1 0.12813807531380753 0.9939814814814815 0.006276150627615063 0.012037037037037037
0 0.11637029288702928 0.42592592592592593 0.015167364016736401 0.012962962962962963
1 0.9042887029288703 0.8055555555555556 0.011506276150627616 0.018518518518518517
1 0.9228556485355649 0.6425925925925926 0.004707112970711297 0.018518518518518517
1 0.9320083682008368 0.6375 0.005230125523012552 0.017592592592592594
1 0.27719665271966526 0.6388888888888888 0.008368200836820083 0.011111111111111112