1 0.5813284518828452 0.9523148148148148 0.009414225941422594 0.03425925925925926
1 0.886244769874477 0.5273148148148148 0.0041841004184100415 0.018518518518518517
1 0.5855125523012552 0.8458333333333333 0.006799163179916318 0.03148148148148148
1 0.6953451882845189 0.925 0.006276150627615063 0.01574074074074074
1 0.9053347280334728 0.5291666666666667 0.0041841004184100415 0.021296296296296296
1 0.9330543933054394 0.5328703703703703 0.0041841004184100415 0.019444444444444445
1 0.6801778242677824 0.9203703703703704 0.007322175732217573 0.014814814814814815
1 0.8208682008368201 0.5291666666666667 0.005753138075313808 0.020370370370370372
1 0.8538179916317992 0.6819444444444445 0.005230125523012552 0.025925925925925925
1 0.9205020920502092 0.5370370370370371 0.004707112970711297 0.019444444444444445
1 0.9398535564853556 0.5393518518518519 0.005753138075313808 0.030555555555555555
1 0.9139644351464435 0.5291666666666667 0.0041841004184100415 0.017592592592592594
1 0.7544456066945606 0.7949074074074074 0.008368200836820083 0.04259259259259259
1 0.9476987447698745 0.5407407407407407 0.005753138075313808 0.030555555555555555
1 0.6325836820083682 0.9912037037037037 0.006799163179916318 0.016666666666666666
1 0.9173640167364017 0.5263888888888889 0.004707112970711297 0.022222222222222223
1 0.6218619246861925 0.8537037037037037 0.006799163179916318 0.027777777777777776
1 0.9257322175732218 0.5361111111111111 0.005230125523012552 0.019444444444444445
1 0.9108263598326359 0.5324074074074074 0.0036610878661087866 0.018518518518518517
1 0.8007322175732218 0.6865740740740741 0.009414225941422594 0.017592592592592594
1 0.9429916317991632 0.5402777777777777 0.004707112970711297 0.030555555555555555
1 0.9278242677824268 0.7263888888888889 0.006276150627615063 0.028703703703703703
1 0.9385460251046025 0.5351851851851852 0.005230125523012552 0.021296296296296296
1 0.9278242677824268 0.5254629629629629 0.0036610878661087866 0.012962962962962963
1 0.9210251046025104 0.5236111111111111 0.0036610878661087866 0.013888888888888888
0 0.09911087866108786 0.33240740740740743 0.047594142259414225 0.11481481481481481
0 0.028242677824267783 0.3490740740740741 0.056485355648535567 0.13796296296296295
1 0.4006276150627615 0.8097222222222222 0.007322175732217573 0.019444444444444445
1 0.41056485355648537 0.8050925925925926 0.007322175732217573 0.019444444444444445
0 0.12081589958158996 0.42777777777777776 0.015690376569037656 0.012962962962962963
1 0.2175732217573222 0.9 0.008368200836820083 0.012962962962962963
1 0.676255230125523 0.6893518518518519 0.012552301255230125 0.013888888888888888
1 0.9531903765690377 0.5393518518518519 0.0036610878661087866 0.025
1 0.9639121338912134 0.5402777777777777 0.006276150627615063 0.021296296296296296
1 0.8593096234309623 0.6791666666666667 0.0031380753138075313 0.019444444444444445
1 0.6639644351464435 0.8444444444444444 0.014121338912133892 0.018518518518518517
1 0.15402719665271966 0.9949074074074075 0.007845188284518828 0.008333333333333333