1 0.36140167364016734 0.7620370370370371 0.00889121338912134 0.030555555555555555
1 0.15193514644351463 0.8032407407407407 0.009414225941422594 0.03148148148148148
1 0.1579497907949791 0.7986111111111112 0.006799163179916318 0.030555555555555555
1 0.3023012552301255 0.9333333333333333 0.010460251046025104 0.03981481481481482
1 0.3355125523012552 0.7509259259259259 0.006799163179916318 0.025
1 0.018043933054393304 0.9643518518518519 0.009414225941422594 0.023148148148148147
1 0.8182531380753139 0.8356481481481481 0.006799163179916318 0.018518518518518517
1 0.4131799163179916 0.8013888888888889 0.007322175732217573 0.025925925925925925
1 0.6657949790794979 0.9365740740740741 0.00993723849372385 0.020370370370370372
1 0.33289748953974896 0.7509259259259259 0.0031380753138075313 0.024074074074074074
1 0.9181485355648535 0.6481481481481481 0.0041841004184100415 0.017592592592592594
1 0.6752092050209205 0.9157407407407407 0.010983263598326359 0.024074074074074074
0 0.2094665271966527 0.30925925925925923 0.04811715481171548 0.10555555555555556
0 0.20685146443514643 0.40694444444444444 0.015167364016736401 0.010185185185185186
1 0.5538702928870293 0.6796296296296296 0.005230125523012552 0.027777777777777776
1 0.7834728033472803 0.48518518518518516 0.007322175732217573 0.014814814814814815
1 0.9126569037656904 0.649537037037037 0.0031380753138075313 0.01574074074074074
1 0.8781380753138075 0.6675925925925926 0.007322175732217573 0.020370370370370372
1 0.6969142259414226 0.825 0.01307531380753138 0.020370370370370372
1 0.6417364016736402 0.899537037037037 0.011506276150627616 0.023148148148148147
1 0.6571652719665272 0.8981481481481481 0.007845188284518828 0.022222222222222223
1 0.7659518828451883 0.8726851851851852 0.007845188284518828 0.019444444444444445
1 0.768305439330544 0.7819444444444444 0.009414225941422594 0.028703703703703703
1 0.9359309623430963 0.4675925925925926 0.002615062761506276 0.016666666666666666