1 0.7173117154811716 0.600925925925926 0.004707112970711297 0.026851851851851852
1 0.8925209205020921 0.5273148148148148 0.0041841004184100415 0.019444444444444445
1 0.9408995815899581 0.537962962962963 0.004707112970711297 0.023148148148148147
1 0.9288702928870293 0.5314814814814814 0.0041841004184100415 0.026851851851851852
1 0.917102510460251 0.5268518518518519 0.004707112970711297 0.021296296296296296
1 0.7272489539748954 0.6078703703703704 0.010983263598326359 0.016666666666666666
1 0.9492677824267782 0.5416666666666666 0.005753138075313808 0.032407407407407406
1 0.9084728033472803 0.5305555555555556 0.0036610878661087866 0.021296296296296296
1 0.9126569037656904 0.5300925925925926 0.005230125523012552 0.022222222222222223
1 0.7374476987447699 0.7375 0.005230125523012552 0.018518518518518517
1 0.9568514644351465 0.5435185185185185 0.004707112970711297 0.026851851851851852
1 0.4249476987447699 0.8564814814814815 0.006276150627615063 0.025925925925925925
1 0.9448221757322176 0.5328703703703703 0.0041841004184100415 0.026851851851851852
1 0.9377615062761506 0.5347222222222222 0.0036610878661087866 0.021296296296296296
1 0.9534518828451883 0.5421296296296296 0.004707112970711297 0.027777777777777776
1 0.9236401673640168 0.5375 0.004707112970711297 0.022222222222222223
1 0.9631276150627615 0.5402777777777777 0.0041841004184100415 0.022222222222222223
1 0.7303870292887029 0.6074074074074074 0.004707112970711297 0.016666666666666666
1 0.9335774058577406 0.5314814814814814 0.0041841004184100415 0.024074074074074074
0 0.08446652719665272 0.33101851851851855 0.045502092050209206 0.11203703703703703
0 0.12238493723849372 0.42777777777777776 0.012552301255230125 0.014814814814814815
1 0.40455020920502094 0.836574074074074 0.00889121338912134 0.04537037037037037
1 0.2170502092050209 0.9027777777777778 0.011506276150627616 0.014814814814814815
1 0.7269874476987448 0.7444444444444445 0.0041841004184100415 0.037037037037037035
1 0.7322175732217573 0.7486111111111111 0.005230125523012552 0.023148148148148147
1 0.8663702928870293 0.6759259259259259 0.0036610878661087866 0.025925925925925925
1 0.8731694560669456 0.6736111111111112 0.0036610878661087866 0.023148148148148147
1 0.7983786610878661 0.6856481481481481 0.00993723849372385 0.019444444444444445
1 0.9701882845188284 0.5212962962962963 0.005230125523012552 0.011111111111111112
1 0.9280857740585774 0.4689814814814815 0.005753138075313808 0.01574074074074074
1 0.9254707112970711 0.5064814814814815 0.0036610878661087866 0.018518518518518517
1 0.6694560669456067 0.9189814814814815 0.012552301255230125 0.012037037037037037
1 0.6427824267782427 0.9888888888888889 0.010460251046025104 0.022222222222222223
1 0.575836820083682 0.9305555555555556 0.008368200836820083 0.03888888888888889
1 0.05517782426778243 0.9203703703703704 0.00889121338912134 0.03518518518518519
1 0.6736401673640168 0.6689814814814815 0.0041841004184100415 0.006481481481481481
1 0.6644874476987448 0.8425925925925926 0.014121338912133892 0.018518518518518517