1 0.19456066945606695 0.8208333333333333 0.00889121338912134 0.03425925925925926
1 0.34806485355648537 0.7541666666666667 0.007322175732217573 0.03981481481481482
1 0.4408995815899582 0.725462962962963 0.004707112970711297 0.02962962962962963
1 0.689592050209205 0.6092592592592593 0.007322175732217573 0.026851851851851852
1 0.8028242677824268 0.5342592592592592 0.004707112970711297 0.021296296296296296
1 0.794194560669456 0.5375 0.005230125523012552 0.021296296296296296
1 0.4450836820083682 0.7282407407407407 0.0041841004184100415 0.021296296296296296
1 0.46365062761506276 0.725462962962963 0.006799163179916318 0.03148148148148148
1 0.4584205020920502 0.7268518518518519 0.004707112970711297 0.026851851851851852
1 0.36323221757322177 0.850925925925926 0.010983263598326359 0.021296296296296296
1 0.8313284518828452 0.5675925925925925 0.008368200836820083 0.021296296296296296
1 0.8140690376569037 0.5259259259259259 0.0036610878661087866 0.017592592592592594
1 0.45998953974895396 0.725462962962963 0.005230125523012552 0.030555555555555555
1 0.33969665271966526 0.7555555555555555 0.005753138075313808 0.028703703703703703
1 0.80831589958159 0.5263888888888889 0.0041841004184100415 0.017592592592592594
1 0.8530334728033473 0.6833333333333333 0.005753138075313808 0.024074074074074074
1 0.6969142259414226 0.6768518518518518 0.006799163179916318 0.02962962962962963
1 0.4429916317991632 0.725925925925926 0.004707112970711297 0.028703703703703703
1 0.6446129707112971 0.7078703703703704 0.00889121338912134 0.01574074074074074
1 0.8872907949790795 0.5032407407407408 0.0041841004184100415 0.01574074074074074
0 0.21103556485355648 0.31157407407407406 0.04602510460251046 0.10462962962962963
1 0.3449267782426778 0.5569444444444445 0.006799163179916318 0.01574074074074074
1 0.38127615062761505 0.6018518518518519 0.0041841004184100415 0.011111111111111112
1 0.7152196652719666 0.8768518518518519 0.017259414225941423 0.014814814814814815
1 0.6767782426778243 0.8833333333333333 0.008368200836820083 0.018518518518518517
1 0.48430962343096234 0.7865740740740741 0.007322175732217573 0.01574074074074074
1 0.47777196652719667 0.7898148148148149 0.007845188284518828 0.016666666666666666
1 0.1532426778242678 0.9888888888888889 0.010460251046025104 0.022222222222222223
1 0.47306485355648537 0.8611111111111112 0.006799163179916318 0.024074074074074074
1 0.47986401673640167 0.8643518518518518 0.006799163179916318 0.021296296296296296