1 0.07322175732217573 0.8412037037037037 0.008368200836820083 0.030555555555555555
1 0.7489539748953975 0.7375 0.005230125523012552 0.02962962962962963
0 0.1448744769874477 0.33240740740740743 0.03556485355648536 0.09722222222222222
0 0.5193514644351465 0.31203703703703706 0.0700836820083682 0.15555555555555556
0 0.1950836820083682 0.41712962962962963 0.012552301255230125 0.019444444444444445
1 0.7209728033472803 0.6101851851851852 0.005753138075313808 0.025925925925925925
1 0.7322175732217573 0.8611111111111112 0.005230125523012552 0.018518518518518517
1 0.8172071129707112 0.8375 0.006799163179916318 0.01574074074074074
1 0.698744769874477 0.961574074074074 0.008368200836820083 0.021296296296296296
1 0.6150627615062761 0.8578703703703704 0.008368200836820083 0.013888888888888888
1 0.6521966527196653 0.9050925925925926 0.007322175732217573 0.017592592592592594
1 0.7573221757322176 0.7337962962962963 0.006276150627615063 0.032407407407407406
1 0.6242154811715481 0.950925925925926 0.016213389121338913 0.018518518518518517