1 0.42311715481171547 0.8856481481481482 0.007322175732217573 0.02962962962962963
1 0.3485878661087866 0.9194444444444444 0.006799163179916318 0.03518518518518519
1 0.613755230125523 0.6592592592592592 0.006276150627615063 0.025
1 0.7672594142259415 0.625462962962963 0.005230125523012552 0.021296296296296296
0 0.10434100418410042 0.32592592592592595 0.04811715481171548 0.10740740740740741
0 0.35826359832635984 0.29583333333333334 0.049163179916317995 0.10555555555555556
0 0.11349372384937238 0.4222222222222222 0.012552301255230125 0.011111111111111112
1 0.823744769874477 0.6967592592592593 0.006276150627615063 0.030555555555555555
1 0.45397489539748953 0.8782407407407408 0.008368200836820083 0.03981481481481482
1 0.8940899581589958 0.662962962962963 0.004707112970711297 0.022222222222222223
1 0.6273535564853556 0.8819444444444444 0.007845188284518828 0.041666666666666664