1 0.6963912133891214 0.6324074074074074 0.006276150627615063 0.026851851851851852
1 0.6265690376569037 0.8736111111111111 0.006799163179916318 0.03796296296296296
1 0.641213389121339 0.7939814814814815 0.005753138075313808 0.018518518518518517
1 0.6869769874476988 0.637962962962963 0.006276150627615063 0.025925925925925925
1 0.6069560669456067 0.8875 0.006799163179916318 0.03333333333333333
1 0.3459728033472803 0.9217592592592593 0.006276150627615063 0.025925925925925925
1 0.8857217573221757 0.5083333333333333 0.0036610878661087866 0.01574074074074074
0 0.10251046025104603 0.3296296296296296 0.049163179916317995 0.1111111111111111
0 0.05674686192468619 0.3189814814814815 0.02981171548117155 0.08611111111111111
0 0.05674686192468619 0.35138888888888886 0.029288702928870293 0.021296296296296296
0 0.17625523012552302 0.42268518518518516 0.012552301255230125 0.019444444444444445
1 0.6344142259414226 0.788425925925926 0.007322175732217573 0.032407407407407406
1 0.6958682008368201 0.9592592592592593 0.004707112970711297 0.007407407407407408
1 0.6969142259414226 0.9694444444444444 0.004707112970711297 0.007407407407407408
1 0.8755230125523012 0.5097222222222222 0.0031380753138075313 0.023148148148148147
1 0.8815376569037657 0.5078703703703704 0.0036610878661087866 0.021296296296296296
1 0.09911087866108786 0.9921296296296296 0.007845188284518828 0.013888888888888888
1 0.9602510460251046 0.4685185185185185 0.0020920502092050207 0.016666666666666666
1 0.9626046025104602 0.4685185185185185 0.002615062761506276 0.016666666666666666