1 0.35564853556485354 0.9259259259259259 0.007322175732217573 0.03888888888888889
1 0.6940376569037657 0.600462962962963 0.006276150627615063 0.03333333333333333
1 0.8067468619246861 0.5319444444444444 0.004707112970711297 0.020370370370370372
1 0.37656903765690375 0.9171296296296296 0.00889121338912134 0.03981481481481482
1 0.11401673640167365 0.9324074074074075 0.009414225941422594 0.020370370370370372
1 0.12761506276150628 0.9259259259259259 0.009414225941422594 0.021296296296296296
1 0.6770397489539749 0.9180555555555555 0.007845188284518828 0.022222222222222223
1 0.2965481171548117 0.8680555555555556 0.010983263598326359 0.019444444444444445
1 0.8292364016736402 0.5814814814814815 0.007322175732217573 0.017592592592592594
1 0.3666317991631799 0.825462962962963 0.00993723849372385 0.021296296296296296
1 0.6893305439330544 0.7731481481481481 0.005230125523012552 0.022222222222222223
1 0.7604602510460251 0.7393518518518518 0.004707112970711297 0.020370370370370372
1 0.5978033472803347 0.7430555555555556 0.015167364016736401 0.017592592592592594
0 0.20606694560669456 0.30972222222222223 0.045502092050209206 0.1037037037037037
0 0.2055439330543933 0.4064814814814815 0.013598326359832637 0.009259259259259259
1 0.3381276150627615 0.8662037037037037 0.005753138075313808 0.013888888888888888
1 0.34780334728033474 0.861574074074074 0.009414225941422594 0.017592592592592594
1 0.7065899581589958 0.8893518518518518 0.008368200836820083 0.019444444444444445
1 0.6616108786610879 0.9236111111111112 0.013598326359832637 0.021296296296296296
1 0.6856694560669456 0.8296296296296296 0.011506276150627616 0.018518518518518517
1 0.8373430962343096 0.7587962962962963 0.005230125523012552 0.028703703703703703
1 0.7630753138075314 0.7842592592592592 0.008368200836820083 0.022222222222222223
1 0.7711820083682008 0.7777777777777778 0.010983263598326359 0.020370370370370372
1 0.6378138075313807 0.7986111111111112 0.004707112970711297 0.017592592592592594
1 0.50418410041841 0.8541666666666666 0.008368200836820083 0.025
1 0.7293410041841004 0.5949074074074074 0.007845188284518828 0.01574074074074074
1 0.7382322175732218 0.6351851851851852 0.004707112970711297 0.012962962962962963
1 0.7303870292887029 0.6393518518518518 0.00889121338912134 0.013888888888888888
1 0.5726987447698745 0.625 0.007322175732217573 0.012962962962962963
1 0.9351464435146444 0.4722222222222222 0.0031380753138075313 0.014814814814814815
1 0.9437761506276151 0.47638888888888886 0.005753138075313808 0.008333333333333333
1 0.6548117154811716 0.9879629629629629 0.02510460251046025 0.014814814814814815
1 0.3598326359832636 0.8564814814814815 0.007322175732217573 0.014814814814814815
1 0.6409518828451883 0.8532407407407407 0.016213389121338913 0.021296296296296296
1 0.7031903765690377 0.6699074074074074 0.00889121338912134 0.012037037037037037
1 0.7228033472803347 0.7541666666666667 0.005230125523012552 0.025