1 0.7839958158995816 0.9166666666666666 0.007322175732217573 0.04537037037037037
1 0.7212343096234309 0.6199074074074075 0.005230125523012552 0.023148148148148147
1 0.43122384937238495 0.8726851851851852 0.006276150627615063 0.03333333333333333
1 0.8302824267782427 0.6986111111111111 0.005753138075313808 0.020370370370370372
1 0.742939330543933 0.5694444444444444 0.004707112970711297 0.019444444444444445
0 0.09126569037656904 0.3300925925925926 0.04602510460251046 0.10925925925925926
0 0.41527196652719667 0.30972222222222223 0.05177824267782427 0.125
0 0.11480125523012552 0.42824074074074076 0.014121338912133892 0.013888888888888888
0 0.35120292887029286 0.3435185185185185 0.00993723849372385 0.009259259259259259
1 0.4422071129707113 0.8717592592592592 0.006799163179916318 0.03796296296296296
1 0.31982217573221755 0.9407407407407408 0.006799163179916318 0.03888888888888889
1 0.32426778242677823 0.9347222222222222 0.007322175732217573 0.030555555555555555
1 0.9257322175732218 0.5263888888888889 0.011506276150627616 0.008333333333333333
1 0.6778242677824268 0.8467592592592592 0.007322175732217573 0.03981481481481482
1 0.6218619246861925 0.8291666666666667 0.009414225941422594 0.03611111111111111
1 0.5912656903765691 0.8199074074074074 0.006799163179916318 0.021296296296296296