1 0.3023012552301255 0.7671296296296296 0.007845188284518828 0.03425925925925926
1 0.7063284518828452 0.5902777777777778 0.006276150627615063 0.023148148148148147
1 0.2502615062761506 0.9601851851851851 0.011506276150627616 0.03796296296296296
1 0.3111924686192469 0.7601851851851852 0.005753138075313808 0.03333333333333333
1 0.5551778242677824 0.8287037037037037 0.006276150627615063 0.026851851851851852
1 0.7063284518828452 0.9236111111111112 0.00889121338912134 0.027777777777777776
1 0.13023012552301255 0.9287037037037037 0.014121338912133892 0.025925925925925925
1 0.7481694560669456 0.662962962962963 0.006276150627615063 0.017592592592592594
1 0.5912656903765691 0.8240740740740741 0.006276150627615063 0.020370370370370372
1 0.5805439330543933 0.8185185185185185 0.004707112970711297 0.024074074074074074
1 0.6378138075313807 0.5773148148148148 0.0031380753138075313 0.009259259259259259
1 0.29576359832635984 0.8666666666666667 0.010460251046025104 0.025925925925925925
1 0.15010460251046026 0.8805555555555555 0.024581589958158997 0.026851851851851852
1 0.5928347280334728 0.8175925925925925 0.004707112970711297 0.014814814814814815
1 0.3645397489539749 0.850462962962963 0.00993723849372385 0.020370370370370372
1 0.28451882845188287 0.8685185185185185 0.009414225941422594 0.024074074074074074
0 0.37918410041841005 0.3143518518518518 0.03399581589958159 0.12962962962962962
0 0.7730125523012552 0.31296296296296294 0.036610878661087864 0.1527777777777778
0 0.2170502092050209 0.31203703703703706 0.04654811715481171 0.10648148148148148
0 0.20685146443514643 0.4097222222222222 0.015167364016736401 0.009259259259259259
1 0.058577405857740586 0.950462962962963 0.009414225941422594 0.028703703703703703
1 0.5993723849372385 0.5986111111111111 0.0031380753138075313 0.012037037037037037
1 0.6174163179916318 0.524074074074074 0.004707112970711297 0.011111111111111112
1 0.6119246861924686 0.524074074074074 0.0041841004184100415 0.009259259259259259
1 0.6451359832635983 0.5236111111111111 0.00993723849372385 0.010185185185185186
1 0.6312761506276151 0.5569444444444445 0.005230125523012552 0.010185185185185186
1 0.7803347280334728 0.7236111111111111 0.008368200836820083 0.028703703703703703
1 0.7860878661087866 0.7245370370370371 0.006276150627615063 0.026851851851851852
1 0.9510983263598326 0.5342592592592592 0.00889121338912134 0.014814814814814815
1 0.8339435146443515 0.5689814814814815 0.007845188284518828 0.019444444444444445
1 0.6744246861924686 0.9037037037037037 0.01307531380753138 0.016666666666666666
1 0.7989016736401674 0.8416666666666667 0.007845188284518828 0.022222222222222223
1 0.7897489539748954 0.8166666666666667 0.007322175732217573 0.02962962962962963
1 0.7063284518828452 0.8282407407407407 0.01202928870292887 0.03425925925925926
1 0.5436715481171548 0.8361111111111111 0.00889121338912134 0.03888888888888889
1 0.7471234309623431 0.9208333333333333 0.004707112970711297 0.010185185185185186
1 0.6401673640167364 0.9740740740740741 0.012552301255230125 0.020370370370370372
1 0.4024581589958159 0.8976851851851851 0.007845188284518828 0.03981481481481482