1 0.8064853556485355 0.5361111111111111 0.005753138075313808 0.018518518518518517
1 0.801255230125523 0.5393518518518519 0.0036610878661087866 0.013888888888888888
0 0.4803870292887029 0.3101851851851852 0.06171548117154812 0.13333333333333333
0 0.09728033472803348 0.3287037037037037 0.047594142259414225 0.11018518518518519
0 0.1401673640167364 0.42824074074074076 0.014644351464435146 0.013888888888888888
1 0.11532426778242678 0.9879629629629629 0.007845188284518828 0.024074074074074074
1 0.5455020920502092 0.7018518518518518 0.007322175732217573 0.024074074074074074
1 0.8718619246861925 0.6736111111111112 0.006276150627615063 0.025
1 0.7824267782426778 0.7939814814814815 0.009414225941422594 0.032407407407407406
1 0.007845188284518828 0.611574074074074 0.013598326359832637 0.05648148148148148
1 0.5075836820083682 0.8518518518518519 0.006799163179916318 0.02962962962962963
1 0.12343096234309624 0.9907407407407407 0.007322175732217573 0.018518518518518517
1 0.5381799163179917 0.7060185185185185 0.0041841004184100415 0.025
1 0.9474372384937239 0.46620370370370373 0.0036610878661087866 0.01574074074074074
1 0.5745292887029289 0.9384259259259259 0.006799163179916318 0.028703703703703703