1 0.26935146443514646 0.9574074074074074 0.009414225941422594 0.04814814814814815
1 0.25627615062761505 0.9527777777777777 0.013598326359832637 0.041666666666666664
1 0.5261506276150628 0.8425925925925926 0.005753138075313808 0.026851851851851852
0 0.11663179916317992 0.32592592592592595 0.03608786610878661 0.11018518518518519
0 0.1950836820083682 0.41805555555555557 0.015690376569037656 0.01574074074074074
1 0.6537656903765691 0.9814814814814815 0.007322175732217573 0.03518518518518519
1 0.6535041841004184 0.9055555555555556 0.006799163179916318 0.018518518518518517
1 0.7003138075313807 0.8787037037037037 0.006276150627615063 0.024074074074074074
1 0.7170502092050209 0.874537037037037 0.005230125523012552 0.021296296296296296
1 0.696652719665272 0.9629629629629629 0.0041841004184100415 0.022222222222222223
1 0.7047594142259415 0.9458333333333333 0.005753138075313808 0.013888888888888888
1 0.6574267782426778 0.850462962962963 0.010460251046025104 0.025
1 0.613755230125523 0.8731481481481481 0.017259414225941423 0.02962962962962963
1 0.6260460251046025 0.5486111111111112 0.007322175732217573 0.010185185185185186
1 0.5860355648535565 0.9217592592592593 0.007845188284518828 0.030555555555555555
1 0.9429916317991632 0.462037037037037 0.0041841004184100415 0.014814814814814815
1 0.9463912133891214 0.6287037037037037 0.004707112970711297 0.018518518518518517