1 0.6825313807531381 0.9319444444444445 0.00889121338912134 0.020370370370370372
1 0.6090481171548117 0.6425925925925926 0.005753138075313808 0.025
1 0.6035564853556485 0.6416666666666667 0.006276150627615063 0.03333333333333333
1 0.7201882845188284 0.5962962962962963 0.004707112970711297 0.025
1 0.638336820083682 0.7907407407407407 0.005753138075313808 0.025925925925925925
1 0.6935146443514645 0.9263888888888889 0.007322175732217573 0.018518518518518517
1 0.8161610878661087 0.9606481481481481 0.006799163179916318 0.024074074074074074
1 0.8530334728033473 0.7097222222222223 0.006799163179916318 0.030555555555555555
1 0.6532426778242678 0.9097222222222222 0.007845188284518828 0.020370370370370372
0 0.0766213389121339 0.33240740740740743 0.04707112970711297 0.1111111111111111
0 0.12343096234309624 0.4263888888888889 0.012552301255230125 0.01574074074074074
1 0.7267259414225942 0.6087962962962963 0.005753138075313808 0.017592592592592594
1 0.7374476987447699 0.5916666666666667 0.007322175732217573 0.018518518518518517
1 0.7248953974895398 0.8592592592592593 0.009414225941422594 0.014814814814814815
1 0.6174163179916318 0.8587962962962963 0.01307531380753138 0.019444444444444445
1 0.6226464435146444 0.95 0.018305439330543932 0.018518518518518517
1 0.6378138075313807 0.9921296296296296 0.007845188284518828 0.013888888888888888