1 0.3226987447698745 0.9296296296296296 0.014644351464435146 0.03796296296296296
1 0.5797594142259415 0.9532407407407407 0.009414225941422594 0.03425925925925926
1 0.3716004184100418 0.9388888888888889 0.00889121338912134 0.025925925925925925
1 0.44848326359832635 0.9166666666666666 0.010460251046025104 0.023148148148148147
1 0.027719665271966527 0.8435185185185186 0.007845188284518828 0.030555555555555555
1 0.5975418410041841 0.850462962962963 0.007322175732217573 0.016666666666666666
1 0.2262029288702929 0.9824074074074074 0.007845188284518828 0.03333333333333333
1 0.8917364016736402 0.6638888888888889 0.004707112970711297 0.021296296296296296
1 0.6736401673640168 0.9259259259259259 0.006799163179916318 0.012037037037037037
1 0.5910041841004184 0.8185185185185185 0.005753138075313808 0.024074074074074074
1 0.6579497907949791 0.7898148148148149 0.007322175732217573 0.021296296296296296
0 0.10355648535564854 0.3287037037037037 0.04288702928870293 0.11296296296296296
0 0.1419979079497908 0.33240740740740743 0.0596234309623431 0.1388888888888889
0 0.1574267782426778 0.42268518518518516 0.012552301255230125 0.013888888888888888
1 0.799163179916318 0.687037037037037 0.008368200836820083 0.016666666666666666
1 0.9408995815899581 0.4888888888888889 0.005230125523012552 0.020370370370370372
1 0.6841004184100419 0.925 0.005230125523012552 0.009259259259259259
1 0.6242154811715481 0.8555555555555555 0.005753138075313808 0.025925925925925925
1 0.6990062761506276 0.825 0.016213389121338913 0.018518518518518517
1 0.6728556485355649 0.6898148148148148 0.005753138075313808 0.011111111111111112
0 0.7669979079497908 0.30416666666666664 0.00993723849372385 0.004629629629629629
1 0.9100418410041841 0.5263888888888889 0.010460251046025104 0.006481481481481481
1 0.7272489539748954 0.9740740740740741 0.005753138075313808 0.009259259259259259