1 0.4524058577405858 0.7245370370370371 0.005753138075313808 0.02962962962962963
1 0.4361924686192469 0.8814814814814815 0.005753138075313808 0.032407407407407406
1 0.446652719665272 0.8847222222222222 0.005230125523012552 0.025
1 0.7808577405857741 0.7236111111111111 0.005230125523012552 0.025925925925925925
1 0.7853033472803347 0.7226851851851852 0.005753138075313808 0.023148148148148147
0 0.2131276150627615 0.30833333333333335 0.04707112970711297 0.10462962962962963
0 0.20214435146443516 0.40555555555555556 0.01307531380753138 0.009259259259259259
1 0.6409518828451883 0.9004629629629629 0.006799163179916318 0.019444444444444445
1 0.6485355648535565 0.9050925925925926 0.008368200836820083 0.019444444444444445
1 0.770397489539749 0.7787037037037037 0.011506276150627616 0.020370370370370372
1 0.821652719665272 0.8134259259259259 0.006276150627615063 0.019444444444444445
1 0.87081589958159 0.6819444444444445 0.0031380753138075313 0.01574074074074074
1 0.8763075313807531 0.6787037037037037 0.002615062761506276 0.012962962962962963
1 0.8927824267782427 0.6708333333333333 0.0031380753138075313 0.01574074074074074
1 0.7042364016736402 0.6699074074074074 0.007845188284518828 0.012037037037037037
1 0.23038702928870292 0.6444444444444445 0.0036610878661087866 0.007407407407407408
1 0.24189330543933055 0.6416666666666667 0.004707112970711297 0.007407407407407408
1 0.011506276150627616 0.7606481481481482 0.014644351464435146 0.012037037037037037
1 0.005753138075313808 0.7467592592592592 0.011506276150627616 0.012037037037037037
1 0.8415271966527197 0.8870370370370371 0.008368200836820083 0.018518518518518517
1 0.7887029288702929 0.6185185185185185 0.005230125523012552 0.024074074074074074
1 0.6958682008368201 0.8240740740740741 0.00889121338912134 0.016666666666666666