1 0.685407949790795 0.6032407407407407 0.005753138075313808 0.026851851851851852
1 0.5839435146443515 0.6847222222222222 0.006799163179916318 0.025
1 0.6678870292887029 0.611574074074074 0.005230125523012552 0.028703703703703703
1 0.36427824267782427 0.9402777777777778 0.007845188284518828 0.025
1 0.7356171548117155 0.5680555555555555 0.005230125523012552 0.021296296296296296
1 0.7262029288702929 0.6087962962962963 0.007322175732217573 0.01574074074074074
1 0.669194560669456 0.9162037037037037 0.00993723849372385 0.026851851851851852
1 0.6548117154811716 0.9106481481481481 0.007322175732217573 0.037037037037037035
1 0.8059623430962343 0.5472222222222223 0.0041841004184100415 0.020370370370370372
1 0.8085774058577406 0.5449074074074074 0.0031380753138075313 0.018518518518518517
1 0.20109832635983263 0.9833333333333333 0.00889121338912134 0.03333333333333333
1 0.20763598326359833 0.9675925925925926 0.007322175732217573 0.032407407407407406
1 0.2186192468619247 0.9032407407407408 0.009414225941422594 0.019444444444444445
1 0.827928870292887 0.9712962962962963 0.047594142259414225 0.04537037037037037
1 0.6153242677824268 0.8601851851851852 0.009414225941422594 0.016666666666666666
1 0.26072175732217573 0.7222222222222222 0.005753138075313808 0.012037037037037037
0 0.07740585774058577 0.3314814814814815 0.049163179916317995 0.11018518518518519
0 0.12238493723849372 0.4263888888888889 0.013598326359832637 0.01574074074074074
1 0.32217573221757323 0.7027777777777777 0.007322175732217573 0.012962962962962963
1 0.9181485355648535 0.6449074074074074 0.004707112970711297 0.026851851851851852
1 0.9249476987447699 0.6398148148148148 0.0036610878661087866 0.020370370370370372
1 0.8817991631799164 0.4930555555555556 0.0041841004184100415 0.01574074074074074
1 0.7910564853556485 0.8736111111111111 0.016213389121338913 0.013888888888888888
1 0.6728556485355649 0.850925925925926 0.00889121338912134 0.02962962962962963
1 0.5457635983263598 0.837037037037037 0.005753138075313808 0.03148148148148148
1 0.8540794979079498 0.6865740740740741 0.005230125523012552 0.026851851851851852
1 0.6351987447698745 0.9638888888888889 0.022489539748953975 0.014814814814814815
1 0.6545502092050209 0.9439814814814815 0.014121338912133892 0.023148148148148147