1 0.2743200836820084 0.8268518518518518 0.007322175732217573 0.037037037037037035
1 0.2641213389121339 0.8287037037037037 0.007322175732217573 0.03518518518518519
1 0.34126569037656906 0.763425925925926 0.007322175732217573 0.03148148148148148
1 0.8836297071129707 0.5037037037037037 0.004707112970711297 0.021296296296296296
1 0.01778242677824268 0.9643518518518519 0.00993723849372385 0.023148148148148147
1 0.7065899581589958 0.6675925925925926 0.005230125523012552 0.017592592592592594
0 0.20685146443514643 0.31203703703703706 0.05177824267782427 0.10648148148148148
0 0.20502092050209206 0.40879629629629627 0.014644351464435146 0.010185185185185186
0 0.4884937238493724 0.39444444444444443 0.01778242677824268 0.005555555555555556
1 0.7928870292887029 0.4875 0.007322175732217573 0.010185185185185186
1 0.3023012552301255 0.7060185185185185 0.007322175732217573 0.010185185185185186
1 0.9278242677824268 0.4685185185185185 0.0020920502092050207 0.014814814814814815
1 0.9429916317991632 0.4648148148148148 0.0031380753138075313 0.016666666666666666