1 0.7180962343096234 0.5893518518518519 0.0041841004184100415 0.006481481481481481
1 0.810407949790795 0.5842592592592593 0.004707112970711297 0.01574074074074074
1 0.4571129707112971 0.6768518518518518 0.005230125523012552 0.012037037037037037
1 0.9544979079497908 0.49583333333333335 0.005230125523012552 0.018518518518518517
1 0.18514644351464435 0.9138888888888889 0.010460251046025104 0.023148148148148147
1 0.8344665271966527 0.5685185185185185 0.0041841004184100415 0.012962962962962963
1 0.7167887029288703 0.5916666666666667 0.007322175732217573 0.012037037037037037
1 0.5664225941422594 0.7337962962962963 0.00993723849372385 0.016666666666666666
1 0.2868723849372385 0.8657407407407407 0.009414225941422594 0.019444444444444445
0 0.21338912133891214 0.31203703703703706 0.04602510460251046 0.10648148148148148
0 0.11401673640167365 0.31157407407407406 0.032426778242677826 0.08703703703703704
0 0.8125 0.2638888888888889 0.018305439330543932 0.05740740740740741
1 0.30962343096234307 0.8004629629629629 0.008368200836820083 0.019444444444444445
1 0.6375523012552301 0.5638888888888889 0.005230125523012552 0.009259259259259259
1 0.8600941422594143 0.5430555555555555 0.004707112970711297 0.01574074074074074
1 0.9636506276150628 0.4787037037037037 0.0036610878661087866 0.016666666666666666
1 0.9694037656903766 0.47962962962962963 0.004707112970711297 0.014814814814814815
1 0.29419456066945604 0.8675925925925926 0.00889121338912134 0.025925925925925925
1 0.174163179916318 0.9143518518518519 0.009414225941422594 0.023148148148148147
1 0.953713389121339 0.5342592592592592 0.006799163179916318 0.022222222222222223
1 0.7178347280334728 0.6328703703703704 0.007845188284518828 0.01574074074074074