1 0.7996861924686193 0.549537037037037 0.005230125523012552 0.022222222222222223
1 0.7432008368200836 0.5643518518518519 0.0036610878661087866 0.019444444444444445
1 0.7547071129707112 0.5625 0.004707112970711297 0.020370370370370372
1 0.7934100418410042 0.5569444444444445 0.0036610878661087866 0.012037037037037037
1 0.22960251046025104 0.8925925925925926 0.006276150627615063 0.009259259259259259
1 0.6459205020920502 0.6620370370370371 0.005753138075313808 0.025925925925925925
1 0.6370292887029289 0.6606481481481481 0.006799163179916318 0.026851851851851852
0 0.111663179916318 0.3282407407407407 0.04236401673640167 0.11203703703703703
0 0.19456066945606695 0.4212962962962963 0.014644351464435146 0.018518518518518517
1 0.2178347280334728 0.8939814814814815 0.006799163179916318 0.012037037037037037
