1 0.6006799163179917 0.649074074074074 0.004707112970711297 0.026851851851851852
1 0.1307531380753138 0.836574074074074 0.00889121338912134 0.03518518518518519
1 0.6869769874476988 0.5791666666666667 0.0041841004184100415 0.016666666666666666
1 0.6961297071129707 0.5787037037037037 0.0031380753138075313 0.01574074074074074
1 0.5899581589958159 0.6523148148148148 0.007322175732217573 0.030555555555555555
1 0.6825313807531381 0.5555555555555556 0.0036610878661087866 0.011111111111111112
1 0.27248953974895396 0.7152777777777778 0.005230125523012552 0.011111111111111112
1 0.2955020920502092 0.7152777777777778 0.0031380753138075313 0.011111111111111112
1 0.6634414225941423 0.55 0.002615062761506276 0.008333333333333333
1 0.6213389121338913 0.5467592592592593 0.002615062761506276 0.009259259259259259
1 0.3648012552301255 0.8495370370370371 0.011506276150627616 0.018518518518518517
1 0.29471757322175735 0.8657407407407407 0.012552301255230125 0.027777777777777776
1 0.3619246861924686 0.8495370370370371 0.006276150627615063 0.016666666666666666
0 0.21155857740585773 0.30925925925925923 0.04602510460251046 0.10462962962962963
0 0.056223849372384935 0.3013888888888889 0.01307531380753138 0.05925925925925926
0 0.03556485355648536 0.30972222222222223 0.02510460251046025 0.08055555555555556
0 0.20606694560669456 0.4083333333333333 0.015690376569037656 0.007407407407407408
1 0.15376569037656904 0.4310185185185185 0.005230125523012552 0.012037037037037037
1 0.1574267782426778 0.42962962962962964 0.0041841004184100415 0.011111111111111112
1 0.6924686192468619 0.5217592592592593 0.0031380753138075313 0.013888888888888888
1 0.8331589958158996 0.5699074074074074 0.008368200836820083 0.021296296296296296
1 0.7201882845188284 0.6333333333333333 0.009414225941422594 0.018518518518518517
1 0.9505753138075314 0.5342592592592592 0.00993723849372385 0.014814814814814815
1 0.7528765690376569 0.6643518518518519 0.01307531380753138 0.01574074074074074
1 0.1846234309623431 0.9125 0.007322175732217573 0.021296296296296296
1 0.174163179916318 0.9152777777777777 0.008368200836820083 0.019444444444444445
1 0.2850418410041841 0.8703703703703703 0.009414225941422594 0.024074074074074074
0 0.1563807531380753 0.4324074074074074 0.015690376569037656 0.012962962962962963
