1 0.7068514644351465 0.5898148148148148 0.004707112970711297 0.023148148148148147
1 0.7492154811715481 0.6291666666666667 0.0041841004184100415 0.026851851851851852
1 0.5551778242677824 0.6393518518518518 0.004707112970711297 0.012037037037037037
1 0.8059623430962343 0.5898148148148148 0.0036610878661087866 0.004629629629629629
1 0.29497907949790797 0.8671296296296296 0.010460251046025104 0.025925925925925925
1 0.28634937238493724 0.8699074074074075 0.007322175732217573 0.020370370370370372
1 0.18697698744769875 0.9138888888888889 0.01307531380753138 0.021296296296296296
0 0.2131276150627615 0.3111111111111111 0.04707112970711297 0.10555555555555556
0 0.38572175732217573 0.32916666666666666 0.06119246861924686 0.15185185185185185
0 0.20606694560669456 0.4101851851851852 0.014644351464435146 0.014814814814814815
1 0.06093096234309624 0.9513888888888888 0.010983263598326359 0.025
1 0.8326359832635983 0.5680555555555555 0.013598326359832637 0.023148148148148147
1 0.7669979079497908 0.6777777777777778 0.005753138075313808 0.025925925925925925
1 0.7711820083682008 0.6888888888888889 0.005753138075313808 0.025925925925925925
1 0.22201882845188284 0.6995370370370371 0.006799163179916318 0.013888888888888888
1 0.6417364016736402 0.7166666666666667 0.007322175732217573 0.016666666666666666
1 0.917102510460251 0.44722222222222224 0.002615062761506276 0.014814814814814815
1 0.016213389121338913 0.7625 0.005230125523012552 0.01574074074074074
1 0.7084205020920502 0.6685185185185185 0.01202928870292887 0.014814814814814815
