1 0.6367677824267782 0.625462962962963 0.006276150627615063 0.024074074074074074
1 0.3446652719665272 0.8097222222222222 0.007322175732217573 0.03425925925925926
1 0.6485355648535565 0.624537037037037 0.0041841004184100415 0.022222222222222223
1 0.34989539748953974 0.774537037037037 0.008368200836820083 0.03148148148148148
0 0.1506276150627615 0.324537037037037 0.0397489539748954 0.10648148148148148
0 0.6631799163179917 0.32407407407407407 0.075836820083682 0.17314814814814813
0 0.7207112970711297 0.29444444444444445 0.005230125523012552 0.008333333333333333
0 0.19848326359832635 0.41388888888888886 0.015167364016736401 0.008333333333333333
1 0.1202928870292887 0.9893518518518518 0.008368200836820083 0.021296296296296296
1 0.830805439330544 0.5175925925925926 0.004707112970711297 0.014814814814814815
0 0.7432008368200836 0.2935185185185185 0.0041841004184100415 0.003703703703703704
