1 0.2301255230125523 0.899537037037037 0.00993723849372385 0.018518518518518517
1 0.747907949790795 0.5601851851851852 0.0036610878661087866 0.020370370370370372
1 0.7931485355648535 0.5703703703703704 0.006276150627615063 0.030555555555555555
1 0.7536610878661087 0.5592592592592592 0.005230125523012552 0.024074074074074074
1 0.8318514644351465 0.5648148148148148 0.0041841004184100415 0.022222222222222223
1 0.7672594142259415 0.562037037037037 0.005230125523012552 0.020370370370370372
1 0.7622907949790795 0.5615740740740741 0.004707112970711297 0.018518518518518517
1 0.21835774058577406 0.9023148148148148 0.00993723849372385 0.021296296296296296
1 0.8412656903765691 0.562962962962963 0.0041841004184100415 0.025925925925925925
1 0.7800732217573222 0.5592592592592592 0.004707112970711297 0.020370370370370372
1 0.8051778242677824 0.5592592592592592 0.0036610878661087866 0.023148148148148147
1 0.7889644351464435 0.5578703703703703 0.0036610878661087866 0.020370370370370372
1 0.9069037656903766 0.5231481481481481 0.005753138075313808 0.010185185185185186
1 0.8242677824267782 0.5615740740740741 0.005753138075313808 0.026851851851851852
1 0.8315899581589958 0.5439814814814815 0.004707112970711297 0.009259259259259259
1 0.7842573221757322 0.5606481481481481 0.0036610878661087866 0.019444444444444445
1 0.8192991631799164 0.5601851851851852 0.004707112970711297 0.027777777777777776
0 0.09728033472803348 0.33101851851851855 0.04707112970711297 0.11388888888888889
0 0.6657949790794979 0.41574074074074074 0.13336820083682008 0.32314814814814813
0 0.14722803347280336 0.42777777777777776 0.010983263598326359 0.012962962962962963
1 0.8023012552301255 0.5569444444444445 0.0031380753138075313 0.017592592592592594
1 0.8106694560669456 0.5597222222222222 0.005230125523012552 0.025
1 0.8158995815899581 0.562037037037037 0.0041841004184100415 0.022222222222222223
1 0.4003661087866109 0.8078703703703703 0.00993723849372385 0.019444444444444445
1 0.41030334728033474 0.8041666666666667 0.00993723849372385 0.021296296296296296
1 0.9701882845188284 0.5208333333333334 0.007322175732217573 0.012037037037037037
1 0.7986401673640168 0.6828703703703703 0.008368200836820083 0.023148148148148147
1 0.7149581589958159 0.5583333333333333 0.0031380753138075313 0.022222222222222223
