1 0.5002615062761506 0.7666666666666667 0.007845188284518828 0.03425925925925926
1 0.5081066945606695 0.7638888888888888 0.006799163179916318 0.028703703703703703
1 0.8096234309623431 0.549074074074074 0.0036610878661087866 0.018518518518518517
1 0.8059623430962343 0.55 0.0036610878661087866 0.017592592592592594
1 0.7277719665271967 0.6032407407407407 0.008368200836820083 0.022222222222222223
1 0.2199267782426778 0.9032407407407408 0.006799163179916318 0.018518518518518517
1 0.15271966527196654 0.9800925925925926 0.006799163179916318 0.02962962962962963
0 0.08185146443514645 0.33194444444444443 0.04602510460251046 0.11018518518518519
0 0.12316945606694561 0.42962962962962964 0.017259414225941423 0.012962962962962963
1 0.7989016736401674 0.6861111111111111 0.007845188284518828 0.018518518518518517
1 0.9406380753138075 0.5106481481481482 0.0036610878661087866 0.017592592592592594
1 0.9097803347280334 0.5259259259259259 0.00889121338912134 0.007407407407407408
0 0.5478556485355649 0.35509259259259257 0.01202928870292887 0.006481481481481481
1 0.9055962343096234 0.48194444444444445 0.002615062761506276 0.017592592592592594