1 0.6929916317991632 0.6060185185185185 0.005753138075313808 0.013888888888888888
1 0.7018828451882845 0.5935185185185186 0.005230125523012552 0.025925925925925925
1 0.8208682008368201 0.537962962962963 0.0041841004184100415 0.018518518518518517
1 0.7016213389121339 0.586574074074074 0.005230125523012552 0.012037037037037037
1 0.7259414225941423 0.6092592592592593 0.007322175732217573 0.016666666666666666
1 0.39330543933054396 0.6925925925925925 0.006799163179916318 0.016666666666666666
1 0.40585774058577406 0.6902777777777778 0.004707112970711297 0.008333333333333333
1 0.2188807531380753 0.8967592592592593 0.0041841004184100415 0.010185185185185186
0 0.08185146443514645 0.33240740740740743 0.047594142259414225 0.1111111111111111
0 0.11532426778242678 0.42453703703703705 0.01307531380753138 0.013888888888888888
