1 0.7311715481171548 0.5981481481481481 0.004707112970711297 0.027777777777777776
1 0.7269874476987448 0.600925925925926 0.004707112970711297 0.021296296296296296
1 0.21809623430962344 0.9037037037037037 0.009414225941422594 0.020370370370370372
0 0.08080543933054393 0.33055555555555555 0.049686192468619245 0.1111111111111111
1 0.6822698744769874 0.6787037037037037 0.00889121338912134 0.03333333333333333
1 0.3240062761506276 0.6944444444444444 0.00889121338912134 0.011111111111111112
1 0.3428347280334728 0.7 0.00993723849372385 0.014814814814814815
0 0.1354602510460251 0.42685185185185187 0.014644351464435146 0.018518518518518517
1 0.9393305439330544 0.4736111111111111 0.0041841004184100415 0.01574074074074074
1 0.8020397489539749 0.4305555555555556 0.0036610878661087866 0.005555555555555556
1 0.8025627615062761 0.6851851851851852 0.004707112970711297 0.012962962962962963
