1 0.06380753138075314 0.937037037037037 0.010460251046025104 0.044444444444444446
1 0.4631276150627615 0.7324074074074074 0.005230125523012552 0.026851851851851852
1 0.47280334728033474 0.7296296296296296 0.007845188284518828 0.03148148148148148
1 0.2225418410041841 0.7847222222222222 0.00889121338912134 0.027777777777777776
1 0.05596234309623431 0.9412037037037037 0.008368200836820083 0.03981481481481482
1 0.06380753138075314 0.7754629629629629 0.0041841004184100415 0.009259259259259259
1 0.07740585774058577 0.7643518518518518 0.004707112970711297 0.008333333333333333
1 0.2785041841004184 0.7148148148148148 0.004707112970711297 0.009259259259259259
1 0.2518305439330544 0.7245370370370371 0.004707112970711297 0.011111111111111112
1 0.7235878661087866 0.6458333333333334 0.005230125523012552 0.027777777777777776
1 0.1875 0.9143518518518519 0.010460251046025104 0.017592592592592594
1 0.3648012552301255 0.8513888888888889 0.007322175732217573 0.023148148148148147
1 0.4981694560669456 0.7888888888888889 0.00889121338912134 0.016666666666666666
1 0.3080543933054393 0.662962962962963 0.0041841004184100415 0.009259259259259259
1 0.3208682008368201 0.6597222222222222 0.007845188284518828 0.010185185185185186
1 0.6493200836820083 0.5773148148148148 0.0041841004184100415 0.012037037037037037
1 0.7468619246861925 0.6305555555555555 0.006799163179916318 0.012962962962962963
0 0.2044979079497908 0.3143518518518518 0.04811715481171548 0.10740740740740741
0 0.2055439330543933 0.4115740740740741 0.016213389121338913 0.007407407407407408
0 0.6678870292887029 0.22083333333333333 0.004707112970711297 0.012037037037037037
0 0.2044979079497908 0.35509259259259257 0.04811715481171548 0.025
1 0.46077405857740583 0.5967592592592592 0.005230125523012552 0.010185185185185186
1 0.5389644351464435 0.6416666666666667 0.005753138075313808 0.011111111111111112
1 0.5632845188284519 0.6291666666666667 0.0041841004184100415 0.008333333333333333
1 0.4050732217573222 0.8134259259259259 0.00993723849372385 0.019444444444444445
1 0.4165794979079498 0.8101851851851852 0.00889121338912134 0.018518518518518517
1 0.5405334728033473 0.7606481481481482 0.00993723849372385 0.01574074074074074
1 0.551255230125523 0.7569444444444444 0.009414225941422594 0.019444444444444445
1 0.8407426778242678 0.5592592592592592 0.00889121338912134 0.012962962962962963
1 0.9492677824267782 0.5333333333333333 0.011506276150627616 0.012962962962962963
1 0.9380230125523012 0.47453703703703703 0.002615062761506276 0.017592592592592594
1 0.9414225941422594 0.4726851851851852 0.0031380753138075313 0.017592592592592594
1 0.285826359832636 0.8666666666666667 0.00993723849372385 0.02962962962962963
