1 0.6940376569037657 0.600462962962963 0.006276150627615063 0.03333333333333333
1 0.8067468619246861 0.5319444444444444 0.004707112970711297 0.020370370370370372
1 0.11401673640167365 0.9324074074074075 0.009414225941422594 0.020370370370370372
1 0.12761506276150628 0.9259259259259259 0.009414225941422594 0.021296296296296296
1 0.2965481171548117 0.8680555555555556 0.010983263598326359 0.019444444444444445
1 0.8292364016736402 0.5814814814814815 0.007322175732217573 0.017592592592592594
1 0.3666317991631799 0.825462962962963 0.00993723849372385 0.021296296296296296
1 0.5978033472803347 0.7430555555555556 0.015167364016736401 0.017592592592592594
0 0.20606694560669456 0.30972222222222223 0.045502092050209206 0.1037037037037037
0 0.2055439330543933 0.4064814814814815 0.013598326359832637 0.009259259259259259
1 0.3381276150627615 0.8662037037037037 0.005753138075313808 0.013888888888888888
1 0.34780334728033474 0.861574074074074 0.009414225941422594 0.017592592592592594
1 0.7293410041841004 0.5949074074074074 0.007845188284518828 0.01574074074074074
1 0.7382322175732218 0.6351851851851852 0.004707112970711297 0.012962962962962963
1 0.7303870292887029 0.6393518518518518 0.00889121338912134 0.013888888888888888
1 0.5726987447698745 0.625 0.007322175732217573 0.012962962962962963
1 0.9351464435146444 0.4722222222222222 0.0031380753138075313 0.014814814814814815
1 0.9437761506276151 0.47638888888888886 0.005753138075313808 0.008333333333333333
1 0.3598326359832636 0.8564814814814815 0.007322175732217573 0.014814814814814815
1 0.7031903765690377 0.6699074074074074 0.00889121338912134 0.012037037037037037
