1 0.2792887029288703 0.8212962962962963 0.007322175732217573 0.03425925925925926
1 0.5326882845188284 0.7263888888888889 0.005230125523012552 0.022222222222222223
1 0.11532426778242678 0.8467592592592592 0.00993723849372385 0.03148148148148148
0 0.09544979079497908 0.3296296296296296 0.047594142259414225 0.11018518518518519
0 0.17180962343096234 0.3060185185185185 0.028242677824267783 0.09166666666666666
0 0.1278765690376569 0.4287037037037037 0.014121338912133892 0.018518518518518517
1 0.1051255230125523 0.8449074074074074 0.007322175732217573 0.03611111111111111
1 0.030073221757322174 0.7532407407407408 0.016213389121338913 0.058333333333333334
1 0.5193514644351465 0.6365740740740741 0.012552301255230125 0.04351851851851852
1 0.8812761506276151 0.5337962962962963 0.007322175732217573 0.023148148148148147
1 0.9048117154811716 0.4912037037037037 0.0041841004184100415 0.01574074074074074
