1 0.2850418410041841 0.8550925925925926 0.011506276150627616 0.022222222222222223
1 0.5282426778242678 0.7541666666666667 0.00993723849372385 0.016666666666666666
1 0.29210251046025104 0.8527777777777777 0.006276150627615063 0.024074074074074074
1 0.6124476987447699 0.7412037037037037 0.010460251046025104 0.022222222222222223
0 0.2094665271966527 0.3087962962962963 0.047594142259414225 0.10277777777777777
0 0.20214435146443516 0.4074074074074074 0.014121338912133892 0.007407407407407408
1 0.6561192468619247 0.5740740740740741 0.0036610878661087866 0.011111111111111112
1 0.6647489539748954 0.5722222222222222 0.0041841004184100415 0.012962962962962963
1 0.7003138075313807 0.5467592592592593 0.0031380753138075313 0.013888888888888888
1 0.7178347280334728 0.5476851851851852 0.004707112970711297 0.019444444444444445
1 0.8292364016736402 0.5532407407407407 0.004707112970711297 0.017592592592592594
1 0.8331589958158996 0.5537037037037037 0.0031380753138075313 0.012962962962962963
1 0.8381276150627615 0.5472222222222223 0.004707112970711297 0.018518518518518517
1 0.7021443514644351 0.6699074074074074 0.010983263598326359 0.013888888888888888
1 0.01647489539748954 0.9606481481481481 0.005753138075313808 0.008333333333333333
1 0.1145397489539749 0.9398148148148148 0.008368200836820083 0.014814814814814815
