1 0.43436192468619245 0.7245370370370371 0.006799163179916318 0.03333333333333333
1 0.26098326359832635 0.7944444444444444 0.007322175732217573 0.02962962962962963
1 0.4442991631799163 0.725925925925926 0.007322175732217573 0.027777777777777776
1 0.45292887029288703 0.7240740740740741 0.004707112970711297 0.027777777777777776
1 0.2557531380753138 0.8004629629629629 0.005230125523012552 0.023148148148148147
1 0.4110878661087866 0.8296296296296296 0.007845188284518828 0.03888888888888889
1 0.43802301255230125 0.7287037037037037 0.0041841004184100415 0.021296296296296296
1 0.44063807531380755 0.6625 0.005230125523012552 0.008333333333333333
1 0.48927824267782427 0.6574074074074074 0.0041841004184100415 0.009259259259259259
1 0.36323221757322177 0.8513888888888889 0.01202928870292887 0.021296296296296296
1 0.41710251046025104 0.8111111111111111 0.008368200836820083 0.022222222222222223
1 0.46940376569037656 0.6615740740740741 0.0031380753138075313 0.018518518518518517
1 0.7779811715481172 0.5421296296296296 0.0041841004184100415 0.020370370370370372
1 0.4367154811715481 0.725925925925926 0.006276150627615063 0.028703703703703703
0 0.46548117154811713 0.6560185185185186 0.0031380753138075313 0.006481481481481481
0 0.21234309623430964 0.3111111111111111 0.045502092050209206 0.10277777777777777
1 0.6464435146443515 0.7083333333333334 0.005230125523012552 0.016666666666666666
1 0.4837866108786611 0.7842592592592592 0.005230125523012552 0.012962962962962963
1 0.9471757322175732 0.4736111111111111 0.0031380753138075313 0.013888888888888888
1 0.7753661087866108 0.5430555555555555 0.0036610878661087866 0.01574074074074074
1 0.46574267782426776 0.6712962962962963 0.004707112970711297 0.009259259259259259
