1 0.6333682008368201 0.6027777777777777 0.004707112970711297 0.019444444444444445
1 0.6835774058577406 0.6166666666666667 0.004707112970711297 0.021296296296296296
1 0.7303870292887029 0.612037037037037 0.004707112970711297 0.025
1 0.6168933054393305 0.6712962962962963 0.005230125523012552 0.025925925925925925
1 0.6200313807531381 0.6643518518518519 0.0041841004184100415 0.025925925925925925
0 0.18200836820083682 0.3194444444444444 0.04654811715481171 0.11018518518518519
0 0.19717573221757323 0.28703703703703703 0.01778242677824268 0.0712962962962963
0 0.2850418410041841 0.29907407407407405 0.01778242677824268 0.005555555555555556
0 0.19560669456066945 0.4162037037037037 0.013598326359832637 0.01574074074074074
1 0.9050732217573222 0.524074074074074 0.007845188284518828 0.012962962962962963
