1 0.5847280334728033 0.6810185185185185 0.004707112970711297 0.025925925925925925
1 0.4053347280334728 0.8212962962962963 0.006799163179916318 0.02962962962962963
1 0.39278242677824265 0.8277777777777777 0.007322175732217573 0.032407407407407406
1 0.36140167364016734 0.8282407407407407 0.01882845188284519 0.025925925925925925
1 0.6082635983263598 0.6625 0.007845188284518828 0.025925925925925925
1 0.696652719665272 0.5893518518518519 0.005230125523012552 0.005555555555555556
1 0.6956066945606695 0.5990740740740741 0.004707112970711297 0.025
1 0.7871338912133892 0.5643518518518519 0.005230125523012552 0.019444444444444445
1 0.6997907949790795 0.5976851851851852 0.005230125523012552 0.021296296296296296
1 0.07217573221757322 0.8222222222222222 0.005753138075313808 0.024074074074074074
1 0.3561715481171548 0.8629629629629629 0.006799163179916318 0.009259259259259259
1 0.731694560669456 0.5898148148148148 0.0036610878661087866 0.005555555555555556
1 0.33289748953974896 0.8717592592592592 0.0031380753138075313 0.021296296296296296
0 0.20397489539748953 0.3087962962962963 0.047594142259414225 0.10185185185185185
0 0.20135983263598325 0.40555555555555556 0.014644351464435146 0.007407407407407408
1 0.2442468619246862 0.7129629629629629 0.0031380753138075313 0.009259259259259259
1 0.11375523012552301 0.9361111111111111 0.00889121338912134 0.011111111111111112
1 0.7298640167364017 0.6398148148148148 0.007845188284518828 0.016666666666666666
1 0.7379707112970711 0.6370370370370371 0.0041841004184100415 0.011111111111111112
1 0.9244246861924686 0.512212962962963 0.0061035564853556485 0.007972222222222223