1 0.5358263598326359 0.75 0.008368200836820083 0.028703703703703703
1 0.5878661087866108 0.6763888888888889 0.007845188284518828 0.027777777777777776
1 0.29680962343096234 0.7203703703703703 0.004707112970711297 0.010185185185185186
1 0.2638598326359833 0.7277777777777777 0.0041841004184100415 0.008333333333333333
1 0.3226987447698745 0.6550925925925926 0.0031380753138075313 0.007407407407407408
1 0.7821652719665272 0.6412037037037037 0.005753138075313808 0.025
1 0.49843096234309625 0.788425925925926 0.007322175732217573 0.016666666666666666
1 0.17573221757322174 0.9138888888888889 0.008368200836820083 0.018518518518518517
1 0.5677301255230126 0.6324074074074074 0.004707112970711297 0.011111111111111112
1 0.3648012552301255 0.850462962962963 0.005753138075313808 0.021296296296296296
0 0.20214435146443516 0.3143518518518518 0.05282426778242678 0.10740740740740741
0 0.20345188284518828 0.4101851851851852 0.015167364016736401 0.008333333333333333
1 0.3077928870292887 0.6555555555555556 0.0036610878661087866 0.009259259259259259
1 0.07557531380753138 0.7217592592592592 0.002615062761506276 0.012037037037037037
1 0.06746861924686193 0.7273148148148149 0.0041841004184100415 0.012037037037037037
1 0.07086820083682008 0.725925925925926 0.002615062761506276 0.011111111111111112
1 0.4139644351464435 0.6060185185185185 0.00993723849372385 0.010185185185185186
1 0.5149058577405857 0.6523148148148148 0.005753138075313808 0.017592592592592594
1 0.5572698744769874 0.6319444444444444 0.004707112970711297 0.013888888888888888
1 0.40664225941422594 0.8148148148148148 0.006799163179916318 0.020370370370370372
1 0.41710251046025104 0.8115740740740741 0.007845188284518828 0.021296296296296296
1 0.6812238493723849 0.7106481481481481 0.005753138075313808 0.028703703703703703
1 0.7471234309623431 0.6319444444444444 0.00993723849372385 0.01574074074074074
1 0.9505753138075314 0.5342592592592592 0.00889121338912134 0.014814814814814815
0 0.5619769874476988 0.22870370370370371 0.006799163179916318 0.006481481481481481
1 0.9492677824267782 0.46620370370370373 0.0041841004184100415 0.017592592592592594