1 0.2384937238493724 0.8523148148148149 0.00993723849372385 0.03518518518518519
1 0.9461297071129707 0.5064814814814815 0.0041841004184100415 0.017592592592592594
1 0.29105648535564854 0.8611111111111112 0.00993723849372385 0.018518518518518517
1 0.4877092050209205 0.7851851851851852 0.005230125523012552 0.013888888888888888
1 0.7902719665271967 0.5518518518518518 0.004707112970711297 0.020370370370370372
1 0.4178870292887029 0.8083333333333333 0.00993723849372385 0.019444444444444445
1 0.837081589958159 0.5208333333333334 0.0036610878661087866 0.019444444444444445
1 0.823744769874477 0.5236111111111111 0.0036610878661087866 0.014814814814814815
1 0.7860878661087866 0.5523148148148148 0.0041841004184100415 0.019444444444444445
1 0.772489539748954 0.5171296296296296 0.0036610878661087866 0.010185185185185186
1 0.7981171548117155 0.5893518518518519 0.004707112970711297 0.006481481481481481
1 0.008629707112970711 0.7861111111111111 0.004707112970711297 0.012037037037037037
1 0.8020397489539749 0.5888888888888889 0.0041841004184100415 0.006481481481481481
1 0.4932008368200837 0.6976851851851852 0.0036610878661087866 0.021296296296296296
1 0.7842573221757322 0.5166666666666667 0.002615062761506276 0.009259259259259259
0 0.564592050209205 0.3 0.045502092050209206 0.12037037037037036
0 0.20868200836820083 0.3087962962962963 0.049163179916317995 0.10277777777777777
0 0.20711297071129708 0.4078703703703704 0.015167364016736401 0.007407407407407408
1 0.5883891213389121 0.6101851851851852 0.0041841004184100415 0.012962962962962963
1 0.6019874476987448 0.612037037037037 0.0031380753138075313 0.011111111111111112
1 0.6111401673640168 0.6078703703703704 0.0036610878661087866 0.012037037037037037
1 0.7905334728033473 0.5138888888888888 0.0036610878661087866 0.011111111111111112
1 0.4053347280334728 0.8157407407407408 0.011506276150627616 0.022222222222222223
1 0.7335251046025104 0.5351851851851852 0.004707112970711297 0.011111111111111112
1 0.7463389121338913 0.5069444444444444 0.0031380753138075313 0.006481481481481481
1 0.7214958158995816 0.5407407407407407 0.005753138075313808 0.011111111111111112
1 0.5067991631799164 0.6560185185185186 0.0041841004184100415 0.01574074074074074
1 0.7635983263598326 0.5013888888888889 0.0031380753138075313 0.012037037037037037
1 0.6749476987447699 0.6912037037037037 0.006799163179916318 0.013888888888888888