1 0.4110878661087866 0.8060185185185185 0.006276150627615063 0.03796296296296296
1 0.4202405857740586 0.8037037037037037 0.006799163179916318 0.030555555555555555
1 0.5528242677824268 0.7226851851851852 0.006276150627615063 0.01574074074074074
1 0.5596234309623431 0.7199074074074074 0.004707112970711297 0.01574074074074074
0 0.2112970711297071 0.31203703703703706 0.047594142259414225 0.10462962962962963
0 0.13101464435146443 0.2708333333333333 0.008368200836820083 0.025925925925925925
0 0.11950836820083682 0.2625 0.006799163179916318 0.011111111111111112
0 0.4053347280334728 0.22546296296296298 0.0041841004184100415 0.009259259259259259
0 0.5138598326359832 0.2212962962962963 0.0036610878661087866 0.008333333333333333
0 0.6077405857740585 0.22453703703703703 0.004707112970711297 0.014814814814814815
1 0.22881799163179917 0.8944444444444445 0.005753138075313808 0.014814814814814815
