1 0.47594142259414224 0.6912037037037037 0.005753138075313808 0.021296296296296296
1 0.488755230125523 0.7162037037037037 0.006276150627615063 0.027777777777777776
1 0.6093096234309623 0.7398148148148148 0.007322175732217573 0.016666666666666666
1 0.600418410041841 0.6175925925925926 0.002615062761506276 0.010185185185185186
1 0.5844665271966527 0.6208333333333333 0.0031380753138075313 0.009259259259259259
0 0.21835774058577406 0.30833333333333335 0.04811715481171548 0.1037037037037037
0 0.20475941422594143 0.4074074074074074 0.014121338912133892 0.011111111111111112
1 0.7039748953974896 0.6685185185185185 0.009414225941422594 0.012962962962962963
1 0.01752092050209205 0.9592592592592593 0.005753138075313808 0.007407407407407408
1 0.34335774058577406 0.7023148148148148 0.005753138075313808 0.010185185185185186
1 0.3250523012552301 0.6916666666666667 0.01202928870292887 0.012962962962962963
1 0.7774581589958159 0.6189814814814815 0.00889121338912134 0.012037037037037037
1 0.10486401673640168 0.9310185185185185 0.002615062761506276 0.006481481481481481