1 0.5523012552301255 0.7444444444444445 0.005753138075313808 0.03148148148148148
1 0.7711820083682008 0.562037037037037 0.004707112970711297 0.018518518518518517
1 0.06145397489539749 0.8148148148148148 0.004707112970711297 0.023148148148148147
1 0.23352510460251047 0.7268518518518519 0.0041841004184100415 0.012037037037037037
1 0.32452928870292885 0.8740740740740741 0.00889121338912134 0.024074074074074074
1 0.7803347280334728 0.5606481481481481 0.005230125523012552 0.018518518518518517
1 0.7562761506276151 0.5412037037037037 0.005230125523012552 0.018518518518518517
1 0.2850418410041841 0.8560185185185185 0.010983263598326359 0.018518518518518517
1 0.29419456066945604 0.8518518518518519 0.008368200836820083 0.023148148148148147
1 0.5889121338912134 0.7421296296296296 0.005230125523012552 0.023148148148148147
1 0.8501569037656904 0.5476851851851852 0.0036610878661087866 0.017592592592592594
1 0.5917887029288703 0.7398148148148148 0.005753138075313808 0.019444444444444445
0 0.21077405857740586 0.3087962962962963 0.04602510460251046 0.1037037037037037
1 0.5834205020920502 0.562962962962963 0.006799163179916318 0.009259259259259259
0 0.2037133891213389 0.4041666666666667 0.01307531380753138 0.008333333333333333
1 0.11401673640167365 0.9407407407407408 0.008368200836820083 0.014814814814814815
1 0.35826359832635984 0.8296296296296296 0.005230125523012552 0.022222222222222223
1 0.7026673640167364 0.6694444444444444 0.00993723849372385 0.012962962962962963
1 0.8271443514644351 0.5851851851851851 0.007845188284518828 0.014814814814814815