1 0.8080543933054394 0.538425925925926 0.0031380753138075313 0.016666666666666666
1 0.5290271966527197 0.7541666666666667 0.00889121338912134 0.017592592592592594
1 0.8125 0.5370370370370371 0.0036610878661087866 0.018518518518518517
1 0.6053870292887029 0.6055555555555555 0.005753138075313808 0.014814814814814815
1 0.5936192468619247 0.6101851851851852 0.0041841004184100415 0.009259259259259259
1 0.5355648535564853 0.7189814814814814 0.006799163179916318 0.027777777777777776
1 0.5609309623430963 0.674537037037037 0.005753138075313808 0.024074074074074074
1 0.5285041841004184 0.7171296296296297 0.006799163179916318 0.028703703703703703
0 0.21260460251046026 0.3087962962962963 0.04497907949790795 0.10277777777777777
0 0.2026673640167364 0.4027777777777778 0.015167364016736401 0.012037037037037037
1 0.41527196652719667 0.6541666666666667 0.005230125523012552 0.012037037037037037
1 0.3825836820083682 0.6564814814814814 0.004707112970711297 0.009259259259259259
1 0.01647489539748954 0.9611111111111111 0.004707112970711297 0.009259259259259259
1 0.7018828451882845 0.6712962962962963 0.011506276150627616 0.018518518518518517
0 0.1051255230125523 0.9310185185185185 0.005230125523012552 0.008333333333333333