1 0.7714435146443515 0.5592592592592592 0.0041841004184100415 0.023148148148148147
1 0.5502092050209205 0.7564814814814815 0.007322175732217573 0.030555555555555555
1 0.5300732217573222 0.7537037037037037 0.007845188284518828 0.01574074074074074
1 0.010983263598326359 0.9495370370370371 0.009414225941422594 0.02962962962962963
1 0.8247907949790795 0.575925925925926 0.005753138075313808 0.025925925925925925
1 0.8153765690376569 0.5837962962962963 0.004707112970711297 0.017592592592592594
1 0.727510460251046 0.5722222222222222 0.0041841004184100415 0.017592592592592594
1 0.2918410041841004 0.8458333333333333 0.0041841004184100415 0.009259259259259259
1 0.5235355648535565 0.7532407407407408 0.005230125523012552 0.014814814814814815
1 0.2915794979079498 0.8523148148148149 0.005753138075313808 0.022222222222222223
0 0.21103556485355648 0.3087962962962963 0.047594142259414225 0.10277777777777777
0 0.19874476987447698 0.4046296296296296 0.014644351464435146 0.011111111111111112
1 0.2834728033472803 0.85 0.006276150627615063 0.009259259259259259
1 0.11480125523012552 0.9384259259259259 0.00993723849372385 0.019444444444444445
1 0.12918410041841005 0.9361111111111111 0.011506276150627616 0.020370370370370372
1 0.7005753138075314 0.6699074074074074 0.014121338912133892 0.01574074074074074
