1 0.7303870292887029 0.5837962962962963 0.005753138075313808 0.017592592592592594
1 0.3043933054393305 0.8662037037037037 0.005230125523012552 0.022222222222222223
1 0.33760460251046026 0.8740740740740741 0.008368200836820083 0.023148148148148147
1 0.29602510460251047 0.8643518518518518 0.007322175732217573 0.013888888888888888
1 0.3449267782426778 0.8601851851851852 0.0041841004184100415 0.014814814814814815
1 0.33158995815899583 0.8768518518518519 0.006276150627615063 0.016666666666666666
1 0.828713389121339 0.5847222222222223 0.0041841004184100415 0.011111111111111112
0 0.21182008368200836 0.3087962962962963 0.04811715481171548 0.10277777777777777
1 0.3679393305439331 0.8217592592592593 0.005753138075313808 0.012037037037037037
1 0.049686192468619245 0.7129629629629629 0.005230125523012552 0.016666666666666666
1 0.8020397489539749 0.5162037037037037 0.004707112970711297 0.019444444444444445
1 0.9427301255230126 0.475 0.007845188284518828 0.014814814814814815
0 0.20423640167364016 0.40555555555555556 0.014121338912133892 0.009259259259259259
1 0.3561715481171548 0.8611111111111112 0.005230125523012552 0.011111111111111112
1 0.11401673640167365 0.9384259259259259 0.009414225941422594 0.017592592592592594
1 0.12709205020920503 0.9384259259259259 0.011506276150627616 0.017592592592592594
1 0.738755230125523 0.6356481481481482 0.004707112970711297 0.017592592592592594
1 0.727510460251046 0.6412037037037037 0.013598326359832637 0.012037037037037037
1 0.5839435146443515 0.737037037037037 0.0036610878661087866 0.009259259259259259
1 0.7034518828451883 0.6689814814814815 0.008368200836820083 0.012037037037037037
