1 0.5577928870292888 0.6712962962962963 0.006276150627615063 0.026851851851851852
1 0.5277196652719666 0.6995370370370371 0.006799163179916318 0.028703703703703703
1 0.016997907949790794 0.9606481481481481 0.007845188284518828 0.009259259259259259
1 0.2907949790794979 0.7231481481481481 0.006276150627615063 0.011111111111111112
1 0.12264644351464435 0.9930555555555556 0.007845188284518828 0.012962962962962963
1 0.609571129707113 0.7430555555555556 0.010983263598326359 0.022222222222222223
1 0.30177824267782427 0.7180555555555556 0.0041841004184100415 0.010185185185185186
1 0.41736401673640167 0.6861111111111111 0.0031380753138075313 0.012962962962962963
0 0.21286610878661089 0.30787037037037035 0.047594142259414225 0.10277777777777777
0 0.20423640167364016 0.40555555555555556 0.014644351464435146 0.007407407407407408
1 0.7952405857740585 0.5361111111111111 0.006799163179916318 0.025925925925925925
1 0.5700836820083682 0.6166666666666667 0.0031380753138075313 0.009259259259259259
1 0.7021443514644351 0.6671296296296296 0.00889121338912134 0.012037037037037037
1 0.9503138075313807 0.5009259259259259 0.0031380753138075313 0.018518518518518517
