1 0.3410041841004184 0.7657407407407407 0.007845188284518828 0.030555555555555555
1 0.8169456066945606 0.6685185185185185 0.005753138075313808 0.032407407407407406
1 0.7191422594142259 0.6106481481481482 0.004707112970711297 0.023148148148148147
1 0.6090481171548117 0.7398148148148148 0.007845188284518828 0.01574074074074074
0 0.19089958158995815 0.31296296296296294 0.05230125523012552 0.11296296296296296
0 0.19116108786610878 0.3578703703703704 0.05177824267782427 0.021296296296296296
0 0.20292887029288703 0.412962962962963 0.013598326359832637 0.014814814814814815
0 0.3648012552301255 0.35185185185185186 0.03085774058577406 0.009259259259259259
1 0.36000523012552305 0.35005555555555556 0.0023221757322175736 0.003601851851851852
1 0.3639278242677825 0.34979629629629627 0.0014539748953974895 0.0030833333333333333
1 0.3668357740585774 0.34953703703703703 0.002034518828451883 0.003601851851851852
1 0.3709048117154812 0.34825 0.002615062761506276 0.004111111111111111
1 0.6292154811715481 0.7157962962962963 0.008425732217573222 0.010805555555555556
1 0.016997907949790794 0.9611111111111111 0.006799163179916318 0.009259259259259259
0 0.7146966527196653 0.26342592592592595 0.005753138075313808 0.006481481481481481