1 0.3485878661087866 0.8597222222222223 0.008368200836820083 0.03518518518518519
1 0.24084728033472802 0.7324074074074074 0.005230125523012552 0.019444444444444445
1 0.35930962343096234 0.8671296296296296 0.009414225941422594 0.019444444444444445
1 0.23247907949790794 0.7203703703703703 0.0036610878661087866 0.006481481481481481
1 0.6754707112970711 0.5305555555555556 0.005753138075313808 0.01574074074074074
1 0.23247907949790794 0.7231481481481481 0.0041841004184100415 0.012037037037037037
1 0.680439330543933 0.5296296296296297 0.0036610878661087866 0.013888888888888888
0 0.09858786610878661 0.3282407407407407 0.049686192468619245 0.10833333333333334
0 0.6652719665271967 0.4162037037037037 0.1307531380753138 0.32314814814814813
0 0.1401673640167364 0.425 0.011506276150627616 0.014814814814814815
1 0.7102510460251046 0.5199074074074074 0.006276150627615063 0.017592592592592594
1 0.7170502092050209 0.524074074074074 0.0041841004184100415 0.018518518518518517
1 0.7220188284518828 0.5259259259259259 0.002615062761506276 0.014814814814814815
1 0.6843619246861925 0.5069444444444444 0.002615062761506276 0.013888888888888888
1 0.6906380753138075 0.5106481481481482 0.004707112970711297 0.01574074074074074
1 0.6608263598326359 0.5291666666666667 0.004707112970711297 0.013888888888888888
1 0.6929916317991632 0.5337962962962963 0.0031380753138075313 0.013888888888888888
1 0.7983786610878661 0.6861111111111111 0.010983263598326359 0.020370370370370372
1 0.9087343096234309 0.525 0.006799163179916318 0.014814814814814815
1 0.9696652719665272 0.5212962962962963 0.006276150627615063 0.014814814814814815
1 0.3820606694560669 0.8439814814814814 0.006799163179916318 0.01574074074074074
1 0.6533525104602511 0.5314351851851852 0.005779288702928871 0.021925925925925925
1 0.6672541841004184 0.5328981481481482 0.0033054393305439332 0.017055555555555556
1 0.670005230125523 0.5309444444444444 0.0033054393305439332 0.013157407407407408
1 0.6856956066945606 0.5238796296296296 0.0033054393305439332 0.016564814814814817
1 0.6828085774058578 0.527287037037037 0.00247907949790795 0.015592592592592592
1 0.6971182008368202 0.5309444444444444 0.0030282426778242676 0.015111111111111112
1 0.7060669456066946 0.5333796296296296 0.005507322175732217 0.017055555555555556
1 0.698770920502092 0.5175462962962963 0.006882845188284519 0.022416666666666668
1 0.6946443514644352 0.5172962962962963 0.0035774058577405857 0.01412962962962963
