1 0.36140167364016734 0.7620370370370371 0.00889121338912134 0.030555555555555555
1 0.15193514644351463 0.8032407407407407 0.009414225941422594 0.03148148148148148
1 0.1579497907949791 0.7986111111111112 0.006799163179916318 0.030555555555555555
1 0.3355125523012552 0.7509259259259259 0.006799163179916318 0.025
1 0.018043933054393304 0.9643518518518519 0.009414225941422594 0.023148148148148147
1 0.4131799163179916 0.8013888888888889 0.007322175732217573 0.025925925925925925
1 0.33289748953974896 0.7509259259259259 0.0031380753138075313 0.024074074074074074
0 0.2094665271966527 0.30925925925925923 0.04811715481171548 0.10555555555555556
0 0.20685146443514643 0.40694444444444444 0.015167364016736401 0.010185185185185186
1 0.5538702928870293 0.6796296296296296 0.005230125523012552 0.027777777777777776
1 0.7834728033472803 0.48518518518518516 0.007322175732217573 0.014814814814814815
1 0.9359309623430963 0.4675925925925926 0.002615062761506276 0.016666666666666666