1 0.1827928870292887 0.8050925925925926 0.007845188284518828 0.03333333333333333
1 0.17756276150627615 0.8083333333333333 0.006799163179916318 0.032407407407407406
1 0.6660564853556485 0.6851851851851852 0.005230125523012552 0.02962962962962963
1 0.6166317991631799 0.7078703703703704 0.006799163179916318 0.02962962962962963
1 0.4139644351464435 0.7296296296296296 0.005230125523012552 0.025925925925925925
1 0.810407949790795 0.611574074074074 0.005753138075313808 0.025925925925925925
1 0.41710251046025104 0.8356481481481481 0.006276150627615063 0.03148148148148148
1 0.4110878661087866 0.8342592592592593 0.007322175732217573 0.03333333333333333
1 0.016997907949790794 0.962037037037037 0.007322175732217573 0.010185185185185186
0 0.21338912133891214 0.30925925925925923 0.04864016736401674 0.10462962962962963
0 0.20502092050209206 0.4050925925925926 0.014644351464435146 0.008333333333333333
1 0.6997907949790795 0.6703703703703704 0.015690376569037656 0.014814814814814815
1 0.7994246861924686 0.6101851851851852 0.004707112970711297 0.025925925925925925
0 0.8255753138075314 0.337037037037037 0.017259414225941423 0.007407407407407408