1 0.23064853556485357 0.8912037037037037 0.007845188284518828 0.037037037037037035
1 0.9955543933054394 0.4199074074074074 0.006799163179916318 0.037037037037037035
0 0.09440376569037658 0.3300925925925926 0.047594142259414225 0.11203703703703703
0 0.22541841004184102 0.3050925925925926 0.034518828451882845 0.10092592592592593
0 0.11610878661087866 0.4287037037037037 0.014644351464435146 0.016666666666666666
1 0.4186715481171548 0.750462962962963 0.004707112970711297 0.026851851851851852
1 0.4225941422594142 0.7523148148148148 0.005230125523012552 0.026851851851851852
1 0.12081589958158996 0.9925925925925926 0.006276150627615063 0.014814814814814815
1 0.1108786610878661 0.9912037037037037 0.007322175732217573 0.017592592592592594
1 0.890428870292887 0.49953703703703706 0.01202928870292887 0.03425925925925926
1 0.9259937238493724 0.5273148148148148 0.00993723849372385 0.006481481481481481
1 0.6456589958158996 0.5675925925925925 0.006799163179916318 0.014814814814814815