1 0.7672594142259415 0.5569444444444445 0.004707112970711297 0.023148148148148147
1 0.7709205020920502 0.5569444444444445 0.0036610878661087866 0.019444444444444445
1 0.01856694560669456 0.9662037037037037 0.010460251046025104 0.019444444444444445
0 0.21234309623430964 0.30787037037037035 0.04707112970711297 0.10185185185185185
0 0.20397489539748953 0.4064814814814815 0.013598326359832637 0.009259259259259259
1 0.43462343096234307 0.6074074074074074 0.010460251046025104 0.012962962962962963
1 0.4325313807531381 0.6523148148148148 0.0041841004184100415 0.010185185185185186
1 0.44848326359832635 0.6601851851851852 0.01307531380753138 0.011111111111111112
1 0.16396443514644352 0.7379629629629629 0.0036610878661087866 0.007407407407407408
1 0.17390167364016737 0.7527777777777778 0.006799163179916318 0.012962962962962963
1 0.9427301255230126 0.4791666666666667 0.0036610878661087866 0.019444444444444445
1 0.9215481171548117 0.5018518518518519 0.005230125523012552 0.020370370370370372
1 0.5418410041841004 0.7560185185185185 0.006276150627615063 0.030555555555555555
1 0.7024058577405857 0.6703703703703704 0.009414225941422594 0.016666666666666666