1 0.5285041841004184 0.7541666666666667 0.010460251046025104 0.017592592592592594
1 0.6145397489539749 0.7347222222222223 0.005753138075313808 0.03148148148148148
1 0.8509414225941423 0.6462962962962963 0.0036610878661087866 0.01574074074074074
1 0.7732740585774058 0.6162037037037037 0.004707112970711297 0.016666666666666666
0 0.20998953974895398 0.3101851851851852 0.04707112970711297 0.1037037037037037
0 0.20292887029288703 0.4074074074074074 0.014644351464435146 0.006481481481481481
1 0.6286610878661087 0.5875 0.0031380753138075313 0.010185185185185186
1 0.6333682008368201 0.5824074074074074 0.0031380753138075313 0.009259259259259259
1 0.25967573221757323 0.7148148148148148 0.005753138075313808 0.011111111111111112
1 0.8200836820083682 0.5768518518518518 0.0031380753138075313 0.014814814814814815
1 0.8608786610878661 0.6398148148148148 0.0041841004184100415 0.018518518518518517
1 0.7024058577405857 0.6699074074074074 0.008368200836820083 0.017592592592592594
1 0.285826359832636 0.8486111111111111 0.002615062761506276 0.006481481481481481
1 0.2905334728033473 0.8481481481481481 0.004707112970711297 0.007407407407407408
1 0.9414225941422594 0.4601851851851852 0.0031380753138075313 0.011111111111111112
1 0.018043933054393304 0.9574074074074074 0.007845188284518828 0.007407407407407408