1 0.6749476987447699 0.6152777777777778 0.005753138075313808 0.025
1 0.6618723849372385 0.6078703703703704 0.0041841004184100415 0.025
1 0.35486401673640167 0.8671296296296296 0.009414225941422594 0.019444444444444445
1 0.12944560669456068 0.9310185185185185 0.014644351464435146 0.030555555555555555
1 0.6527196652719666 0.6138888888888889 0.006799163179916318 0.011111111111111112
1 0.34911087866108786 0.8569444444444444 0.004707112970711297 0.017592592592592594
1 0.8284518828451883 0.5777777777777777 0.0041841004184100415 0.019444444444444445
1 0.2918410041841004 0.8527777777777777 0.005753138075313808 0.022222222222222223
1 0.33760460251046026 0.8671296296296296 0.006276150627615063 0.009259259259259259
1 0.33289748953974896 0.8777777777777778 0.0036610878661087866 0.01574074074074074
1 0.3378661087866109 0.874537037037037 0.010460251046025104 0.022222222222222223
1 0.8250523012552301 0.575462962962963 0.0041841004184100415 0.023148148148148147
1 0.2850418410041841 0.8546296296296296 0.00993723849372385 0.020370370370370372
0 0.21155857740585773 0.30833333333333335 0.04602510460251046 0.10185185185185185
0 0.20109832635983263 0.40555555555555556 0.014121338912133892 0.012962962962962963
2 0.6477510460251046 0.6212962962962963 0.00889121338912134 0.009259259259259259
1 0.5214435146443515 0.7532407407407408 0.007322175732217573 0.01574074074074074
1 0.5300732217573222 0.7518518518518519 0.005753138075313808 0.011111111111111112
1 0.7314330543933054 0.5351851851851852 0.004707112970711297 0.009259259259259259
1 0.7398012552301255 0.538425925925926 0.004707112970711297 0.013888888888888888
1 0.7018828451882845 0.6675925925925926 0.008368200836820083 0.014814814814814815
1 0.9210251046025104 0.44166666666666665 0.0031380753138075313 0.011111111111111112
1 0.9267782426778243 0.4393518518518518 0.0041841004184100415 0.013888888888888888
1 0.11480125523012552 0.9402777777777778 0.01202928870292887 0.019444444444444445