1 0.020135983263598327 0.9263888888888889 0.010983263598326359 0.025
1 0.3668933054393305 0.825462962962963 0.009414225941422594 0.022222222222222223
1 0.6035564853556485 0.6125 0.004707112970711297 0.016666666666666666
1 0.48064853556485354 0.6671296296296296 0.002615062761506276 0.011111111111111112
1 0.740847280334728 0.538425925925926 0.0041841004184100415 0.011111111111111112
0 0.2073744769874477 0.3087962962962963 0.04707112970711297 0.10185185185185185
0 0.2055439330543933 0.40694444444444444 0.013598326359832637 0.010185185185185186
1 0.11558577405857741 0.9393518518518519 0.010460251046025104 0.019444444444444445
1 0.12735355648535565 0.9342592592592592 0.010983263598326359 0.018518518518518517
1 0.4877092050209205 0.6660092592592592 0.010088912133891213 0.017194444444444446
1 0.8485878661087866 0.5453055555555555 0.004110878661087866 0.019175925925925926
1 0.8739905857740585 0.5102500000000001 0.001867154811715481 0.015212962962962963
1 0.8698797071129707 0.5122314814814816 0.002615062761506276 0.013888888888888888
1 0.7264644351464435 0.5972222222222222 0.008368200836820083 0.012962962962962963
1 0.5831589958158996 0.7384259259259259 0.0031380753138075313 0.008333333333333333
1 0.674163179916318 0.6902777777777778 0.007322175732217573 0.012037037037037037
1 0.702928870292887 0.6680555555555555 0.008368200836820083 0.010185185185185186
1 0.7377092050209205 0.6356481481481482 0.004707112970711297 0.01574074074074074