1 0.3410041841004184 0.762962962962963 0.007845188284518828 0.030555555555555555
1 0.321652719665272 0.7597222222222222 0.007845188284518828 0.03148148148148148
1 0.8093619246861925 0.6824074074074075 0.005753138075313808 0.02962962962962963
1 0.801255230125523 0.6828703703703703 0.006799163179916318 0.028703703703703703
1 0.018305439330543932 0.9666666666666667 0.009414225941422594 0.020370370370370372
1 0.7013598326359832 0.6208333333333333 0.0041841004184100415 0.022222222222222223
0 0.19273012552301255 0.31157407407407406 0.0502092050209205 0.11666666666666667
0 0.20292887029288703 0.4125 0.014644351464435146 0.009259259259259259
0 0.19717573221757323 0.2912037037037037 0.018305439330543932 0.07685185185185185
1 0.6040794979079498 0.7430555555555556 0.009414225941422594 0.012037037037037037
1 0.9084728033472803 0.5013888888888889 0.0031380753138075313 0.013888888888888888
1 0.8807531380753139 0.5027777777777778 0.0031380753138075313 0.016666666666666666
0 0.727510460251046 0.26342592592592595 0.009414225941422594 0.004629629629629629